3,3,1
6,3,1
6,3,0
14,3,0
32,3,1
39,3,1
44,3,0
55,3,0
58,3,1
62,3,1
68,3,1
86,3,1
92,3,1
93,3,1
100,3,1
107,3,1
142,3,0
146,3,0
152,3,0
154,3,0
158,3,0
171,3,0
173,3,0
193,3,0
198,3,0
201,3,0
204,3,0
224,3,0
315,3,1
335,3,0
3,3,1
6,3,1
6,3,0
14,3,0
32,3,1
39,3,1
44,3,0
55,3,0
58,3,1
62,3,1
68,3,1
86,3,1
92,3,1
93,3,1
100,3,1
107,3,1
142,3,0
146,3,0
152,3,0
154,3,0
158,3,0
171,3,0
173,3,0
193,3,0
198,3,0
201,3,0
204,3,0
224,3,0
315,3,1
335,3,0
379,3,0
447,3,0
474,3,0
521,3,0
596,3,1
699,3,0
822,3,0
841,3,0
984,3,1
3,4,1026
3,4,1027
3,4,1028
3,4,1029
4,4,1030
4,4,1031
4,4,1032
4,4,1033
4,4,1034
4,4,1035
4,4,1036
4,4,1037
4,4,1038
4,4,1039
4,4,1040
4,4,1041
4,4,1042
4,4,1043
4,4,1044
4,4,1045
4,4,1046
4,4,1047
4,4,1048
4,4,1049
4,4,1050
4,4,1051
4,4,1052
4,4,1053
4,4,1054
4,4,1055
4,4,1056
4,4,1057
4,4,1058
4,4,1059
4,4,1060
4,4,1061
4,4,1062
4,4,1063
4,4,1064
4,4,1065
5,4,1066
5,4,1067
5,4,1068
5,4,1069
6,4,1070
6,4,1071
6,4,1072
6,4,1073
6,4,1074
6,4,1075
6,4,1076
6,4,1077
6,4,1078
6,4,1079
6,4,1080
6,4,1081
6,4,1082
6,4,1083
6,4,1084
6,4,1085
6,4,1086
6,4,1087
6,4,1088
6,4,1089
6,4,1090
6,4,1091
6,4,1092
6,4,1093
6,4,1094
6,4,1095
6,4,1096
6,4,1097
6,4,1098
6,4,1099
6,4,1100
6,4,1101
6,4,1102
6,4,1103
6,4,1104
6,4,1105
6,4,1106
6,4,1107
6,4,1108
6,4,1109
6,4,1110
6,4,1111
6,4,1112
6,4,1113
6,4,1114
6,4,1115
6,4,1116
6,4,1117
6,4,1118
6,4,1119
9,4,1120
9,4,1121
9,4,1122
9,4,1123
9,4,1124
9,4,1125
9,4,1126
9,4,1127
9,4,1128
9,4,1129
9,4,1130
9,4,1131
9,4,1132
9,4,1133
9,4,1134
9,4,1135
9,4,1136
9,4,1137
9,4,1138
9,4,1139
9,4,1140
9,4,1141
9,4,1142
9,4,1143
9,4,1144
9,4,1145
9,4,1146
9,4,1147
9,4,1148
9,4,1149
9,4,1150
9,4,1151
9,4,1152
9,4,1153
9,4,1154
9,4,1155
9,4,1156
9,4,1157
9,4,1158
9,4,1159
9,4,1160
9,4,1161
9,4,1162
9,4,1163
9,4,1164
9,4,1165
9,4,1166
9,4,1167
9,4,1168
9,4,1169
10,4,1170
10,4,1171
10,4,1172
10,4,1173
10,4,1174
10,4,1175
10,4,1176
10,4,1177
11,4,1178
11,4,1173
11,4,1179
11,4,1174
11,4,1175
11,4,1180
11,4,1181
11,4,1182
11,4,1183
11,4,1184
11,4,1185
12,4,1186
12,4,1187
12,4,1188
12,4,1189
12,4,1190
12,4,1191
12,4,1192
12,4,1193
12,4,1194
12,4,1195
12,4,1196
12,4,1197
12,4,1198
12,4,1199
12,4,1200
12,4,1201
12,4,1202
12,4,1203
12,4,1204
12,4,1205
12,4,1206
12,4,1207
12,4,1208
12,4,1209
12,4,1210
12,4,1211
12,4,1212
12,4,1213
12,4,1214
12,4,1215
12,4,1216
12,4,1217
12,4,1218
12,4,1219
12,4,1220
12,4,1221
12,4,1222
12,4,1223
12,4,1224
12,4,1225
12,4,1226
12,4,1227
12,4,1228
12,4,1229
12,4,1230
12,4,1231
12,4,1232
12,4,1233
12,4,1234
12,4,1235
12,4,1236
12,4,1237
12,4,1238
12,4,1239
12,4,1240
12,4,1241
12,4,1242
12,4,1243
12,4,1244
12,4,1245
12,4,1246
12,4,1247
12,4,1248
12,4,1249
12,4,1250
12,4,1251
12,4,1252
12,4,1253
12,4,1254
12,4,1255
12,4,1256
12,4,1257
12,4,1258
12,4,1259
12,4,1260
12,4,1261
13,4,1262
13,4,1263
13,4,1264
13,4,1265
13,4,1266
13,4,1224
13,4,1267
13,4,1268
13,4,1269
13,4,1270
13,4,1271
13,4,1272
13,4,1273
13,4,1274
13,4,1275
13,4,1276
13,4,1277
13,4,1278
13,4,1279
13,4,1280
13,4,1281
13,4,1282
13,4,1283
13,4,1284
13,4,1285
13,4,1286
13,4,1287
13,4,1288
13,4,1289
13,4,1290
13,4,1291
13,4,1292
13,4,1293
13,4,1294
13,4,1295
13,4,1296
13,4,1297
13,4,1298
13,4,1299
13,4,1300
13,4,1301
13,4,1302
13,4,1303
13,4,1304
13,4,1305
13,4,1306
13,4,1307
13,4,1308
13,4,1309
13,4,1310
13,4,1311
13,4,1312
13,4,1313
13,4,1314
13,4,1315
13,4,1316
13,4,1317
13,4,1318
13,4,1319
13,4,1320
13,4,1321
13,4,1322
13,4,1323
13,4,1324
13,4,1325
13,4,1326
13,4,1327
13,4,1328
13,4,1329
13,4,1330
13,4,1331
14,4,1332
14,4,1333
14,4,1334
14,4,1335
14,4,1336
14,4,1337
14,4,1203
14,4,1338
14,4,1339
14,4,1340
14,4,1341
14,4,1342
14,4,1266
14,4,1343
14,4,1344
14,4,1345
14,4,1346
14,4,1347
14,4,1348
14,4,1349
14,4,1350
14,4,1351
14,4,1352
14,4,1353
14,4,1354
14,4,1355
14,4,1356
14,4,1357
14,4,1358
14,4,1359
14,4,1360
14,4,1361
14,4,1362
14,4,1363
14,4,1364
14,4,1365
14,4,1366
14,4,1367
14,4,1368
14,4,1369
14,4,1370
14,4,1371
14,4,1372
14,4,1373
14,4,1374
14,4,1375
14,4,1376
14,4,1377
14,4,1378
14,4,1379
14,4,1380
14,4,1381
14,4,1382
14,4,1383
14,4,1384
14,4,1385
14,4,1386
14,4,1387
14,4,1388
14,4,1389
14,4,1390
14,4,1391
14,4,1392
14,4,1393
14,4,1394
14,4,1395
14,4,1396
14,4,1397
14,4,1398
14,4,1399
14,4,1400
14,4,1401
14,4,1281
14,4,1402
14,4,1403
14,4,1404
14,4,1405
14,4,1406
14,4,1407
14,4,1408
14,4,1409
14,4,1410
14,4,1411
14,4,1412
14,4,1413
14,4,1414
14,4,1415
14,4,1416
14,4,1417
14,4,1418
14,4,1419
14,4,1420
14,4,1421
14,4,1288
14,4,1422
14,4,1423
14,4,1424
14,4,1425
14,4,1426
14,4,1427
14,4,1428
14,4,1429
14,4,1430
14,4,1431
14,4,1432
14,4,1433
14,4,1434
14,4,1435
14,4,1436
14,4,1437
14,4,1438
14,4,1439
14,4,1440
14,4,1441
14,4,1442
14,4,1443
14,4,1444
14,4,1445
14,4,1446
14,4,1447
14,4,1448
14,4,1449
14,4,1450
14,4,1451
14,4,1301
14,4,1302
14,4,1452
14,4,1453
14,4,1454
14,4,1455
14,4,1456
14,4,1457
14,4,1305
14,4,1458
14,4,1459
14,4,1460
14,4,1461
14,4,1462
14,4,1463
14,4,1464
14,4,1465
14,4,1466
14,4,1467
14,4,1468
14,4,1469
14,4,1470
14,4,1471
14,4,1472
14,4,1473
14,4,1474
14,4,1475
14,4,1476
14,4,1477
14,4,1478
14,4,1479
14,4,1480
14,4,1481
14,4,1482
14,4,1483
14,4,1484
14,4,1485
14,4,1486
14,4,1487
14,4,1488
14,4,1489
14,4,1490
14,4,1491
14,4,1492
14,4,1493
14,4,1494
14,4,1495
14,4,1496
14,4,1497
14,4,1498
14,4,1499
14,4,1500
14,4,1501
14,4,1502
14,4,1503
14,4,1504
14,4,1505
14,4,1506
14,4,1507
14,4,1508
14,4,1312
14,4,1509
14,4,1510
14,4,1511
14,4,1512
14,4,1513
14,4,1514
14,4,1515
14,4,1516
14,4,1517
14,4,1518
14,4,1519
14,4,1520
14,4,1521
14,4,1522
14,4,1523
14,4,1524
14,4,1525
14,4,1526
14,4,1527
14,4,1528
14,4,1529
14,4,1530
14,4,1531
14,4,1321
14,4,1532
14,4,1533
14,4,1534
14,4,1535
14,4,1536
14,4,1537
14,4,1538
14,4,1539
14,4,1540
14,4,1541
14,4,1542
14,4,1543
14,4,1544
14,4,1545
14,4,1546
14,4,1547
14,4,1548
14,4,1549
14,4,1550
14,4,1551
14,4,1552
14,4,1553
15,4,1554
15,4,1555
15,4,1556
16,4,1557
16,4,1558
16,4,1559
16,4,1560
17,4,1561
17,4,1562
17,4,1563
17,4,1564
17,4,1565
17,4,1566
17,4,1567
17,4,1568
17,4,1057
17,4,1569
17,4,1570
17,4,1060
17,4,1571
17,4,1572
17,4,1573
17,4,1574
17,4,1575
17,4,1576
17,4,1577
17,4,1578
17,4,1579
17,4,1580
17,4,1581
17,4,1582
17,4,1583
17,4,1584
17,4,1585
17,4,1586
17,4,1587
17,4,1588
17,4,1589
17,4,1590
17,4,1591
17,4,1592
17,4,1593
17,4,1594
17,4,1595
17,4,1596
17,4,1597
17,4,1598
17,4,1599
17,4,1600
17,4,1601
17,4,1602
17,4,1603
17,4,1604
17,4,1605
17,4,1606
17,4,1607
17,4,1608
17,4,1609
18,4,1610
18,4,1611
18,4,1612
18,4,1613
18,4,1614
18,4,1615
18,4,1616
18,4,1617
18,4,1618
18,4,1619
18,4,1620
18,4,1621
18,4,1622
18,4,1623
18,4,1624
18,4,1625
18,4,1626
18,4,1627
18,4,1628
18,4,1629
18,4,1630
18,4,1631
18,4,1632
18,4,1633
18,4,1634
18,4,1635
18,4,1636
18,4,1637
18,4,1638
18,4,1639
18,4,1640
18,4,1641
18,4,1642
18,4,1643
18,4,1644
18,4,1645
18,4,1646
18,4,1647
18,4,1648
18,4,1649
18,4,1650
18,4,1651
18,4,1652
18,4,1653
18,4,1654
18,4,1655
18,4,1656
18,4,1657
18,4,1658
18,4,1659
18,4,1660
18,4,1661
18,4,1662
18,4,1663
18,4,1664
18,4,1665
18,4,1666
18,4,1667
18,4,1668
18,4,1669
18,4,1670
18,4,1671
18,4,1672
18,4,1673
18,4,1674
18,4,1675
18,4,1676
18,4,1677
18,4,1678
18,4,1679
18,4,1680
18,4,1681
18,4,1682
18,4,1683
18,4,1684
18,4,1685
18,4,1686
18,4,1687
18,4,1688
18,4,1689
18,4,1690
18,4,1691
18,4,1692
18,4,1693
18,4,1694
18,4,1695
18,4,1696
18,4,1697
18,4,1698
18,4,1699
18,4,1700
18,4,1701
18,4,1702
18,4,1703
18,4,1704
18,4,1705
18,4,1706
18,4,1707
18,4,1708
18,4,1709
18,4,1710
18,4,1711
18,4,1712
18,4,1713
18,4,1714
18,4,1715
18,4,1716
18,4,1717
18,4,1718
18,4,1719
18,4,1720
18,4,1721
18,4,1722
18,4,1723
18,4,1724
18,4,1725
18,4,1726
18,4,1727
18,4,1728
18,4,1729
18,4,1730
18,4,1731
18,4,1732
18,4,1733
18,4,1734
18,4,1735
18,4,1736
18,4,1737
18,4,1738
18,4,1739
18,4,1740
18,4,1741
18,4,1742
18,4,1743
18,4,1744
18,4,1745
18,4,1746
18,4,1747
18,4,1748
18,4,1749
18,4,1750
18,4,1751
18,4,1752
18,4,1753
18,4,1754
19,4,1616
19,4,1621
19,4,1626
19,4,1629
19,4,1630
19,4,1755
19,4,1640
19,4,1654
19,4,1756
19,4,1668
19,4,1681
19,4,1687
19,4,1691
19,4,1696
19,4,1757
19,4,1711
19,4,1716
19,4,1718
19,4,1719
19,4,1723
19,4,1725
19,4,1758
19,4,1730
19,4,1731
19,4,1759
19,4,1733
19,4,1735
19,4,1737
19,4,1739
19,4,1760
19,4,1761
19,4,1762
19,4,1763
19,4,1764
19,4,1751
19,4,1765
19,4,1752
19,4,1766
19,4,1767
19,4,1768
19,4,1769
19,4,1770
19,4,1771
19,4,1772
19,4,1773
19,4,1774
19,4,1775
19,4,1776
19,4,1777
19,4,1778
19,4,1779
19,4,1780
19,4,1781
19,4,1782
19,4,1783
19,4,1784
19,4,1785
19,4,1786
19,4,1787
19,4,1788
19,4,1789
19,4,1790
19,4,1791
19,4,1792
19,4,1793
19,4,1794
19,4,1795
19,4,1796
19,4,1797
19,4,1798
19,4,1799
19,4,1800
19,4,1801
19,4,1802
19,4,1803
19,4,1804
19,4,1805
19,4,1806
19,4,1807
19,4,1808
19,4,1809
19,4,1810
19,4,1811
19,4,1812
19,4,1813
19,4,1814
19,4,1815
19,4,1816
19,4,1817
19,4,1818
19,4,1819
19,4,1820
19,4,1821
19,4,1822
19,4,1823
19,4,1824
19,4,1825
19,4,1826
19,4,1827
19,4,1828
19,4,1829
19,4,1830
19,4,1831
19,4,1832
19,4,1833
19,4,1834
19,4,1835
19,4,1836
19,4,1837
19,4,1838
19,4,1839
19,4,1840
19,4,1841
19,4,1842
19,4,1843
19,4,1844
19,4,1845
19,4,1846
19,4,1847
19,4,1848
19,4,1849
19,4,1850
19,4,1851
19,4,1852
19,4,1853
19,4,1854
19,4,1855
19,4,1856
19,4,1857
19,4,1858
19,4,1859
19,4,1860
19,4,1861
19,4,1862
19,4,1863
19,4,1864
19,4,1865
19,4,1866
19,4,1867
19,4,1868
19,4,1869
19,4,1870
19,4,1871
19,4,1872
19,4,1873
19,4,1874
19,4,1875
19,4,1876
19,4,1877
19,4,1878
19,4,1879
19,4,1880
19,4,1881
19,4,1882
19,4,1883
20,4,1622
20,4,1645
20,4,1662
20,4,1679
20,4,1683
20,4,1685
20,4,1691
20,4,1696
20,4,1697
20,4,1702
20,4,1708
20,4,1714
20,4,1717
20,4,1721
20,4,1722
20,4,1723
20,4,1725
20,4,1727
20,4,1730
20,4,1734
20,4,1735
20,4,1736
20,4,1884
20,4,1738
20,4,1739
20,4,1762
20,4,1745
20,4,1763
20,4,1885
20,4,1764
20,4,1747
20,4,1886
20,4,1765
20,4,1753
20,4,1767
20,4,1887
20,4,1888
20,4,1771
20,4,1773
20,4,1776
20,4,1889
20,4,1778
20,4,1779
20,4,1890
20,4,1891
20,4,1892
20,4,1784
20,4,1893
20,4,1894
20,4,1895
20,4,1896
20,4,1897
20,4,1898
20,4,1899
20,4,1900
20,4,1901
20,4,1902
20,4,1903
20,4,1904
20,4,1796
20,4,1797
20,4,1800
20,4,1905
20,4,1906
20,4,1907
20,4,1908
20,4,1909
20,4,1803
20,4,1807
20,4,1910
20,4,1808
20,4,1809
20,4,1811
20,4,1911
20,4,1912
20,4,1913
20,4,1914
20,4,1813
20,4,1915
20,4,1814
20,4,1916
20,4,1917
20,4,1918
20,4,1919
20,4,1920
20,4,1815
20,4,1921
20,4,1817
20,4,1818
20,4,1820
20,4,1821
20,4,1922
20,4,1923
20,4,1823
20,4,1924
20,4,1925
20,4,1926
20,4,1927
20,4,1928
20,4,1929
20,4,1930
20,4,1831
20,4,1834
20,4,1931
20,4,1932
20,4,1933
20,4,1934
20,4,1935
20,4,1936
20,4,1937
20,4,1938
20,4,1842
20,4,1844
20,4,1939
20,4,1940
20,4,1941
20,4,1942
20,4,1943
20,4,1944
20,4,1945
20,4,1946
20,4,1947
20,4,1948
20,4,1949
20,4,1950
20,4,1951
20,4,1849
20,4,1952
20,4,1953
20,4,1850
20,4,1954
20,4,1955
20,4,1854
20,4,1956
20,4,1957
20,4,1958
20,4,1857
20,4,1860
20,4,1959
20,4,1960
20,4,1961
20,4,1962
20,4,1963
20,4,1964
20,4,1965
20,4,1966
20,4,1869
20,4,1967
20,4,1870
20,4,1968
20,4,1969
20,4,1970
20,4,1971
20,4,1874
20,4,1875
20,4,1972
20,4,1973
20,4,1974
20,4,1878
20,4,1975
20,4,1976
20,4,1882
21,4,1618
21,4,1977
21,4,1636
21,4,1644
21,4,1675
21,4,1682
21,4,1684
21,4,1687
21,4,1978
21,4,1979
21,4,1699
21,4,1711
21,4,1713
21,4,1715
21,4,1716
21,4,1717
21,4,1719
21,4,1720
21,4,1721
21,4,1722
21,4,1723
21,4,1730
21,4,1731
21,4,1733
21,4,1735
21,4,1737
21,4,1884
21,4,1760
21,4,1980
21,4,1762
21,4,1740
21,4,1741
21,4,1742
21,4,1743
21,4,1749
21,4,1766
21,4,1981
21,4,1982
21,4,1770
21,4,1771
21,4,1983
21,4,1984
21,4,1775
21,4,1985
21,4,1777
21,4,1779
21,4,1780
21,4,1986
21,4,1987
21,4,1988
21,4,1892
21,4,1989
21,4,1785
21,4,1788
21,4,1789
21,4,1895
21,4,1791
21,4,1990
21,4,1793
21,4,1794
21,4,1991
21,4,1798
21,4,1992
21,4,1993
21,4,1802
21,4,1804
21,4,1811
21,4,1994
21,4,1812
21,4,1917
21,4,1995
21,4,1815
21,4,1921
21,4,1996
21,4,1822
21,4,1823
21,4,1997
21,4,1998
21,4,1999
21,4,1827
21,4,2000
21,4,2001
21,4,2002
21,4,2003
21,4,1933
21,4,1934
21,4,2004
21,4,2005
21,4,1838
21,4,1841
21,4,1842
21,4,2006
21,4,1943
21,4,1945
21,4,2007
21,4,1847
21,4,1848
21,4,2008
21,4,2009
21,4,2010
21,4,2011
21,4,2012
21,4,1855
21,4,2013
21,4,1958
21,4,1856
21,4,2014
21,4,2015
21,4,1858
21,4,2016
21,4,2017
21,4,1865
21,4,1866
21,4,1867
21,4,1961
21,4,1868
21,4,2018
21,4,1870
21,4,1871
21,4,2019
21,4,1969
21,4,2020
21,4,2021
21,4,1876
21,4,2022
21,4,1973
21,4,1975
21,4,1882
22,4,2023
22,4,2024
22,4,1620
22,4,1625
22,4,2025
22,4,1650
22,4,1655
22,4,1691
22,4,2026
22,4,1707
22,4,1709
22,4,2027
22,4,1725
22,4,2028
22,4,2029
22,4,1730
22,4,1735
22,4,1884
22,4,2030
22,4,1750
22,4,1768
22,4,1783
22,4,2031
22,4,1787
22,4,2032
22,4,1795
22,4,1801
22,4,2033
22,4,1805
22,4,1821
22,4,1922
22,4,2034
22,4,2035
22,4,1829
22,4,2036
22,4,2037
22,4,2006
22,4,2038
22,4,2039
23,4,2040
23,4,2041
23,4,2042
24,4,2043
24,4,2044
24,4,2045
24,4,2046
24,4,2047
24,4,2048
24,4,1122
24,4,2049
24,4,2050
24,4,2051
24,4,1123
24,4,2052
24,4,2053
24,4,2054
24,4,2055
24,4,2056
24,4,2057
24,4,2058
24,4,2059
24,4,2060
24,4,2061
24,4,2062
24,4,2063
24,4,2064
24,4,2065
24,4,2066
24,4,2067
24,4,2068
24,4,2069
24,4,2070
24,4,2071
24,4,2072
24,4,2073
24,4,2074
24,4,2075
24,4,2076
24,4,2077
24,4,2078
24,4,2079
24,4,2080
24,4,2081
24,4,2082
24,4,2083
24,4,2084
24,4,2085
24,4,1155
25,4,2086
25,4,2087
25,4,2088
25,4,2089
25,4,2090
25,4,2091
25,4,2092
25,4,2093
25,4,2094
25,4,2095
25,4,2096
25,4,2097
25,4,2098
25,4,2099
25,4,2100
25,4,2101
26,4,2102
26,4,2103
26,4,2104
26,4,2105
26,4,2106
26,4,2107
26,4,2108
26,4,2109
26,4,2110
26,4,2111
26,4,2112
26,4,2113
26,4,2114
26,4,2115
26,4,2116
26,4,2117
26,4,2118
26,4,2119
26,4,2120
26,4,2121
26,4,2122
26,4,2123
26,4,2124
26,4,2125
26,4,2126
26,4,2127
26,4,2128
26,4,2129
26,4,2130
26,4,2131
27,4,2132
27,4,2133
27,4,2134
27,4,2135
27,4,2136
27,4,2137
27,4,2138
27,4,2139
27,4,2140
27,4,2141
27,4,2142
27,4,2143
27,4,2144
27,4,2145
34,4,2146
34,4,2147
34,4,2148
34,4,2149
34,4,2150
34,4,2151
34,4,2152
34,4,2153
34,4,2154
34,4,2155
36,4,2156
36,4,2157
36,4,2158
36,4,2159
36,4,2160
36,4,2161
36,4,2162
36,4,2163
36,4,1191
36,4,2164
36,4,2165
36,4,2166
36,4,2167
36,4,2168
36,4,2169
36,4,2170
36,4,2171
36,4,2172
36,4,2173
36,4,2174
36,4,2175
36,4,2176
36,4,2177
36,4,2178
36,4,2179
37,4,2180
37,4,2181
37,4,2182
38,4,2183
29,4,2184
29,4,2185
29,4,2186
29,4,2187
29,4,2188
29,4,2189
29,4,2190
29,4,2191
29,4,2192
29,4,2193
29,4,2194
29,4,2195
29,4,2196
29,4,2197
29,4,2198
29,4,2199
29,4,2200
29,4,2201
29,4,2202
29,4,2203
29,4,2204
29,4,2205
29,4,2206
29,4,2207
29,4,2208
29,4,2209
29,4,2210
29,4,2211
29,4,2212
29,4,2213
29,4,2214
29,4,2215
29,4,2216
29,4,2217
29,4,2218
29,4,2219
30,4,2220
30,4,2221
30,4,2222
30,4,2223
30,4,2224
31,4,2225
32,4,2226
32,4,2227
32,4,2228
39,4,2229
39,4,2230
39,4,2231
39,4,2232
39,4,2233
39,4,2234
39,4,2235
39,4,2236
39,4,2237
39,4,2238
39,4,2239
39,4,2240
39,4,2241
39,4,2242
39,4,2243
39,4,2244
39,4,2245
39,4,2246
39,4,2247
39,4,2248
39,4,2249
39,4,2250
39,4,2251
39,4,2252
39,4,2253
39,4,2254
39,4,2255
39,4,2256
39,4,2257
39,4,2258
39,4,2259
39,4,2260
39,4,2261
39,4,2262
39,4,2263
39,4,2264
39,4,2265
39,4,2266
39,4,2267
39,4,2268
39,4,2269
39,4,2270
39,4,2271
39,4,2272
39,4,2273
39,4,2274
39,4,2275
39,4,2276
39,4,2277
39,4,2278
39,4,2279
39,4,2280
39,4,2281
39,4,2282
39,4,2283
39,4,2284
39,4,2285
39,4,2286
39,4,2287
39,4,2288
39,4,2289
39,4,2290
39,4,2291
39,4,2292
39,4,2293
39,4,2294
39,4,2295
39,4,2296
39,4,2297
41,4,2298
41,4,2299
41,4,2300
41,4,2301
41,4,2302
41,4,2303
41,4,2304
41,4,2305
41,4,2306
41,4,2307
41,4,2308
41,4,2309
41,4,2310
41,4,2311
43,4,2312
43,4,2313
43,4,2314
43,4,2315
43,4,2316
43,4,2317
43,4,2318
43,4,2319
43,4,2320
43,4,2321
43,4,2322
43,4,2323
43,4,2324
43,4,2325
43,4,2326
43,4,2327
43,4,2328
43,4,2329
43,4,2330
43,4,2331
43,4,2332
43,4,2333
43,4,2334
43,4,2335
43,4,2336
43,4,2337
43,4,2338
43,4,2339
43,4,2340
43,4,2341
43,4,2342
43,4,2343
43,4,2344
44,4,2345
44,4,2346
45,4,2347
45,4,2348
45,4,2349
45,4,2350
45,4,2351
45,4,2352
45,4,2353
45,4,2354
45,4,2355
45,4,2356
45,4,2357
45,4,2358
45,4,2359
45,4,2360
45,4,2361
45,4,2362
46,4,2363
46,4,2364
46,4,2365
46,4,2366
47,4,2367
48,4,2368
49,4,2369
49,4,2370
49,4,2371
49,4,2372
50,4,2373
50,4,2374
50,4,2375
50,4,2376
50,4,2377
50,4,2378
50,4,2379
50,4,2380
50,4,2381
50,4,2382
50,4,2383
50,4,2384
50,4,2385
50,4,2386
50,4,2387
50,4,2388
50,4,2389
50,4,2390
52,4,2391
52,4,2392
53,4,2393
53,4,2394
53,4,2395
53,4,2396
53,4,2397
53,4,2398
53,4,2399
53,4,2400
53,4,2401
53,4,2402
53,4,2403
53,4,2404
53,4,2405
53,4,2406
53,4,2407
53,4,2408
53,4,2409
53,4,2410
53,4,2411
53,4,2412
53,4,2413
53,4,2414
53,4,2415
53,4,2416
53,4,2417
53,4,2418
53,4,2419
53,4,2420
53,4,2421
54,4,2422
55,4,2423
55,4,2424
55,4,2425
55,4,2426
55,4,2427
56,4,2428
56,4,2429
56,4,2430
56,4,2431
56,4,2432
56,4,2433
56,4,2434
56,4,2435
56,4,2436
56,4,2437
56,4,2438
56,4,2439
56,4,2440
56,4,2441
56,4,2442
56,4,2443
56,4,2444
56,4,2445
58,4,2446
58,4,2447
58,4,2448
58,4,2449
58,4,2450
58,4,2451
59,4,2452
59,4,2453
60,4,2454
60,4,2455
60,4,2456
60,4,2457
60,4,2458
60,4,2459
61,4,2460
61,4,2461
61,4,2462
61,4,2463
61,4,2464
61,4,2465
62,4,2466
63,4,2467
63,4,2468
63,4,2469
63,4,2470
63,4,2471
63,4,2472
63,4,2473
63,4,2474
63,4,2475
63,4,2476
63,4,2477
63,4,2478
63,4,2479
63,4,2480
63,4,2481
63,4,2482
63,4,2483
63,4,2484
63,4,2485
63,4,2486
63,4,2487
63,4,2488
63,4,2489
63,4,2490
63,4,2491
63,4,2492
63,4,2493
63,4,2494
63,4,2495
63,4,2496
63,4,2497
63,4,2498
70,4,2499
70,4,2500
70,4,2501
70,4,2502
70,4,2503
70,4,2504
70,4,2505
70,4,2506
70,4,2507
70,4,2508
70,4,2509
70,4,2510
70,4,2511
70,4,2512
70,4,2513
70,4,2514
70,4,2515
70,4,2516
70,4,2517
70,4,2518
70,4,2519
70,4,2520
70,4,2521
70,4,2522
70,4,2523
70,4,2524
70,4,2525
70,4,2526
70,4,2527
70,4,2528
70,4,2529
70,4,2530
70,4,2531
70,4,2532
70,4,2533
70,4,2534
70,4,2535
71,4,2536
71,4,2537
71,4,2538
71,4,2539
71,4,2540
71,4,2541
71,4,2542
71,4,2543
71,4,2544
74,4,2545
75,4,2546
75,4,2547
75,4,2548
75,4,2549
76,4,2550
76,4,2551
77,4,2552
77,4,2553
77,4,2554
77,4,2555
77,4,2556
80,4,2557
80,4,2558
80,4,2559
80,4,2560
80,4,2561
80,4,2562
80,4,2563
80,4,2564
80,4,2565
80,4,2566
80,4,2567
80,4,2568
80,4,2569
80,4,2570
80,4,2571
80,4,2572
80,4,2573
80,4,2574
80,4,2575
80,4,2576
80,4,2577
80,4,2578
80,4,2579
80,4,2580
80,4,2581
80,4,2582
80,4,2583
80,4,2584
80,4,2585
80,4,2586
80,4,2587
80,4,2588
80,4,2589
80,4,2590
80,4,2591
80,4,2592
80,4,2593
80,4,2594
80,4,2595
80,4,2596
80,4,2597
80,4,2598
80,4,2599
80,4,2600
80,4,2601
80,4,2602
80,4,2603
80,4,2604
80,4,2605
80,4,2606
80,4,2607
83,4,2608
83,4,2609
83,4,2610
84,4,2611
84,4,2612
84,4,2613
84,4,2614
84,4,2615
84,4,2616
84,4,2617
84,4,2618
84,4,2619
84,4,2620
84,4,2621
84,4,2622
84,4,2623
84,4,2624
84,4,2625
84,4,2626
84,4,2627
84,4,2628
84,4,2629
84,4,2630
84,4,2631
84,4,2632
84,4,2633
84,4,2634
84,4,2635
84,4,2636
84,4,2637
84,4,2638
84,4,2639
84,4,2640
84,4,2641
84,4,2642
84,4,2643
84,4,2644
84,4,2645
84,4,2646
84,4,2647
84,4,2648
84,4,2649
84,4,2650
84,4,2651
84,4,2652
86,4,2500
86,4,2501
86,4,2502
86,4,2503
86,4,2653
86,4,2504
86,4,2654
86,4,2505
86,4,2506
86,4,2508
86,4,2509
86,4,2510
86,4,2511
86,4,2655
86,4,2656
86,4,2517
86,4,2519
86,4,2657
86,4,2658
86,4,2659
86,4,2660
86,4,2520
86,4,2661
86,4,2521
86,4,2522
86,4,2525
86,4,2662
86,4,2527
86,4,2529
86,4,2663
86,4,2530
86,4,2664
86,4,2665
86,4,2531
86,4,2532
86,4,2533
86,4,2534
86,4,2535
86,4,2666
86,4,2667
86,4,2668
86,4,2669
86,4,2670
86,4,2671
86,4,2672
86,4,2673
86,4,2674
86,4,2675
86,4,2676
87,4,2677
87,4,2678
87,4,2679
88,4,2680
91,4,2681
92,4,2682
92,4,2683
92,4,2684
92,4,2685
92,4,2686
92,4,2687
92,4,2688
93,4,2689
93,4,2690
93,4,2691
93,4,2692
93,4,2693
93,4,2694
93,4,2695
93,4,2696
94,4,2697
94,4,2698
94,4,2699
94,4,2700
94,4,2701
94,4,2702
94,4,2703
94,4,2704
94,4,2705
94,4,2706
94,4,2707
94,4,2708
96,4,2709
96,4,2710
96,4,2711
96,4,2712
96,4,2713
96,4,2714
96,4,2715
97,4,2716
98,4,2717
98,4,2718
98,4,2719
98,4,2720
98,4,2721
98,4,2722
98,4,2723
98,4,2724
98,4,2725
98,4,2726
98,4,2727
98,4,2728
98,4,2729
98,4,2730
98,4,2731
98,4,2732
98,4,2733
98,4,2734
98,4,2735
98,4,2736
98,4,2737
98,4,2738
98,4,2739
98,4,2740
98,4,2741
98,4,2742
98,4,2743
98,4,2744
98,4,2745
98,4,2746
99,4,2747
99,4,2748
99,4,2749
99,4,2750
99,4,2751
99,4,2752
99,4,2753
99,4,2754
99,4,2755
99,4,2756
99,4,2757
99,4,2758
99,4,2759
99,4,2760
99,4,2761
99,4,2762
99,4,2763
99,4,2764
99,4,2765
99,4,2766
99,4,2767
99,4,2768
99,4,2769
99,4,2770
99,4,2771
99,4,2772
100,4,2773
100,4,2774
100,4,2775
100,4,2776
100,4,2777
100,4,2778
100,4,1455
100,4,2779
100,4,2780
100,4,2781
100,4,2782
100,4,2783
100,4,2784
100,4,2785
100,4,2786
100,4,1543
100,4,2787
100,4,2788
100,4,2789
100,4,2790
101,4,2791
102,4,1241
102,4,2792
102,4,2793
102,4,2794
102,4,2795
102,4,2796
102,4,2797
102,4,2798
102,4,2799
103,4,2800
103,4,2801
103,4,2802
103,4,2803
103,4,2804
103,4,2805
103,4,2806
103,4,2807
103,4,2808
103,4,2809
103,4,2810
103,4,2811
103,4,2812
103,4,2813
103,4,2814
103,4,2815
103,4,2816
103,4,2817
103,4,2818
103,4,2819
103,4,2820
103,4,2821
103,4,2822
103,4,2823
103,4,2824
103,4,2825
104,4,2826
104,4,2827
105,4,2828
105,4,2829
105,4,2830
105,4,2831
105,4,2832
105,4,2833
105,4,2834
105,4,2835
105,4,2836
105,4,2837
105,4,2838
105,4,2839
105,4,2840
105,4,2841
105,4,2842
105,4,2843
105,4,2844
106,4,2845
106,4,2846
107,4,2847
108,4,2848
108,4,2849
108,4,2850
108,4,2851
108,4,2852
108,4,2853
108,4,2854
108,4,2855
108,4,2856
108,4,2857
108,4,2858
108,4,2859
108,4,2860
108,4,2861
108,4,2862
108,4,2863
108,4,2864
109,4,2865
109,4,1499
109,4,2866
109,4,2867
109,4,2868
109,4,2869
109,4,2870
109,4,2871
109,4,2872
109,4,2873
109,4,2874
110,4,2875
110,4,2876
3,0,2877
3,0,2878
3,0,2424
3,0,2879
3,0,2880
3,0,2881
3,0,2882
3,0,2883
4,0,2884
4,0,2885
4,0,2886
4,0,2887
4,0,2888
4,0,2889
4,0,2890
4,0,2891
4,0,2892
4,0,2893
4,0,2894
4,0,2895
4,0,2896
4,0,2897
4,0,2898
4,0,2899
4,0,2900
4,0,2901
4,0,2902
4,0,2903
4,0,2904
4,0,2905
4,0,2906
4,0,2907
4,0,2908
4,0,2909
4,0,2910
4,0,2911
4,0,2912
4,0,2913
4,0,2914
4,0,2915
4,0,2916
4,0,2917
4,0,2918
4,0,2919
4,0,2920
4,0,2921
4,0,2922
4,0,2923
4,0,2924
4,0,2925
4,0,2926
4,0,2927
4,0,2928
4,0,2929
4,0,2930
4,0,2931
4,0,2932
4,0,2933
4,0,2934
4,0,2935
4,0,2936
4,0,2937
4,0,2938
4,0,2939
4,0,2940
4,0,2941
4,0,2942
4,0,2943
4,0,2944
4,0,2945
4,0,2946
4,0,2947
4,0,2948
4,0,2949
4,0,2950
4,0,2951
4,0,2952
4,0,2953
4,0,2954
4,0,2955
4,0,2956
4,0,2957
4,0,2958
4,0,2959
4,0,2960
4,0,2961
4,0,2962
4,0,2963
4,0,2964
4,0,2965
4,0,2966
4,0,2967
4,0,2968
4,0,2969
4,0,2970
4,0,2971
4,0,2972
4,0,2973
4,0,2974
4,0,2975
4,0,2976
4,0,2977
4,0,2978
4,0,2979
4,0,2980
4,0,2981
4,0,2982
4,0,2983
4,0,2984
4,0,2985
4,0,2986
4,0,2987
4,0,2988
4,0,2989
4,0,2990
4,0,2991
4,0,2992
4,0,2993
4,0,2994
4,0,2995
4,0,2996
4,0,2997
4,0,2998
4,0,2999
4,0,3000
4,0,3001
4,0,3002
4,0,3003
4,0,3004
4,0,3005
4,0,3006
4,0,3007
4,0,3008
4,0,3009
4,0,3010
4,0,3011
4,0,3012
4,0,3013
4,0,3014
4,0,3015
4,0,3016
4,0,3017
4,0,3018
4,0,3019
4,0,3020
4,0,3021
4,0,3022
4,0,3023
4,0,3024
4,0,3025
4,0,3026
4,0,3027
4,0,3028
4,0,3029
4,0,3030
4,0,3031
4,0,3032
4,0,3033
4,0,3034
4,0,3035
4,0,3036
4,0,3037
4,0,3038
4,0,3039
4,0,3040
4,0,3041
4,0,3042
4,0,3043
4,0,3044
4,0,3045
4,0,3046
4,0,3047
4,0,3048
4,0,3049
4,0,3050
4,0,3051
4,0,3052
4,0,3053
4,0,3054
4,0,3055
4,0,3056
4,0,3057
4,0,3058
4,0,3059
4,0,3060
4,0,3061
4,0,3062
4,0,3063
4,0,3064
4,0,3065
4,0,3066
4,0,3067
4,0,3068
4,0,3069
4,0,3070
4,0,3071
4,0,3072
4,0,3073
4,0,3074
4,0,3075
4,0,3076
4,0,3077
4,0,3078
4,0,3079
4,0,3080
4,0,3081
4,0,3082
4,0,3083
4,0,3084
4,0,3085
4,0,3086
4,0,3087
4,0,3088
4,0,3089
4,0,3090
4,0,3091
4,0,3092
4,0,3093
4,0,3094
4,0,3095
4,0,3096
4,0,3097
4,0,3098
4,0,3099
4,0,3100
4,0,3101
4,0,3102
4,0,3103
4,0,3104
4,0,3105
4,0,3106
4,0,3107
4,0,3108
4,0,3109
4,0,3110
4,0,3111
4,0,3112
4,0,3113
4,0,3114
4,0,3115
4,0,3116
4,0,3117
4,0,3118
4,0,3119
4,0,3120
4,0,3121
4,0,3122
4,0,3123
4,0,3124
4,0,3125
4,0,3126
4,0,3127
4,0,3128
4,0,3129
4,0,3130
4,0,3131
4,0,3132
4,0,3133
5,0,3134
5,0,3135
5,0,3136
5,0,3137
5,0,3138
5,0,3139
5,0,3140
5,0,3141
5,0,3142
5,0,3143
5,0,3144
5,0,3145
5,0,3146
5,0,3147
5,0,3148
5,0,3149
5,0,3150
5,0,3151
5,0,3152
5,0,3153
5,0,3154
5,0,3155
5,0,3156
5,0,3157
5,0,3158
5,0,3159
5,0,3160
5,0,3161
5,0,3162
5,0,3163
5,0,3164
5,0,3165
5,0,3166
5,0,3167
5,0,3168
5,0,3169
5,0,3170
5,0,3171
5,0,3172
5,0,3173
5,0,3174
5,0,3175
5,0,3176
5,0,3177
5,0,3178
5,0,3179
5,0,3180
5,0,3181
5,0,3182
5,0,3183
5,0,3184
5,0,3185
5,0,3186
5,0,3187
5,0,3188
5,0,3189
5,0,3190
5,0,3191
5,0,3192
5,0,3193
5,0,3194
5,0,3195
5,0,3196
5,0,3197
5,0,3198
5,0,3199
5,0,3200
5,0,3201
5,0,3202
5,0,3203
5,0,3204
5,0,3205
5,0,3206
5,0,3207
5,0,3208
5,0,3209
5,0,3210
5,0,3211
5,0,3212
5,0,3213
5,0,3214
5,0,3215
5,0,3216
5,0,3217
5,0,3218
5,0,3219
5,0,3220
5,0,3221
5,0,3222
5,0,3223
5,0,3224
5,0,3225
5,0,3226
6,0,3227
6,0,3228
6,0,3229
6,0,3230
6,0,3231
6,0,3232
6,0,3233
6,0,3234
6,0,3235
6,0,3236
6,0,1071
6,0,3237
6,0,3238
6,0,3239
6,0,3240
6,0,3241
6,0,3242
6,0,3243
6,0,3244
6,0,1072
6,0,3245
6,0,3246
6,0,3247
6,0,3248
6,0,3249
6,0,3250
6,0,3251
6,0,1078
6,0,3252
6,0,3253
6,0,3254
6,0,3255
6,0,3256
6,0,3257
6,0,1079
6,0,1080
6,0,3258
6,0,1081
6,0,3259
6,0,3260
6,0,3261
6,0,3262
6,0,1082
6,0,3263
6,0,3264
6,0,3265
6,0,3266
6,0,3267
6,0,3268
6,0,3269
6,0,3270
6,0,3271
6,0,3272
6,0,3273
6,0,3274
6,0,3275
6,0,3276
6,0,3277
6,0,3278
6,0,3279
6,0,3280
6,0,3281
6,0,3282
6,0,3283
6,0,3284
6,0,3285
6,0,3286
6,0,3287
6,0,3288
6,0,3289
6,0,3290
6,0,3291
7,0,3292
7,0,3293
7,0,3294
7,0,3295
7,0,3296
7,0,3297
7,0,3298
7,0,3299
7,0,3300
7,0,3301
7,0,3302
7,0,3303
7,0,3304
7,0,3305
7,0,3306
7,0,3307
7,0,3308
7,0,3309
7,0,3310
7,0,3311
7,0,3312
8,0,3313
8,0,3314
8,0,3315
8,0,3316
8,0,3317
8,0,3318
8,0,3319
9,0,3320
9,0,3321
9,0,3322
9,0,3323
9,0,3324
9,0,3325
9,0,3326
9,0,3327
9,0,3328
9,0,3329
9,0,3330
9,0,3331
9,0,3332
9,0,3333
9,0,3334
9,0,3335
9,0,3336
9,0,3337
9,0,3338
9,0,3339
9,0,3340
9,0,3341
9,0,3342
9,0,3343
9,0,3344
9,0,3345
9,0,3346
9,0,3347
9,0,3348
9,0,3349
9,0,3350
9,0,3351
9,0,3352
9,0,3353
9,0,3354
9,0,3355
9,0,3356
9,0,3357
9,0,3358
9,0,3359
9,0,3360
9,0,3361
9,0,3362
9,0,3363
9,0,3364
9,0,3365
9,0,3366
9,0,3367
9,0,3368
9,0,3369
9,0,3370
9,0,3371
9,0,3372
9,0,3373
9,0,3374
9,0,3375
9,0,3376
9,0,3377
9,0,3378
9,0,3379
10,0,3380
10,0,3381
10,0,3382
10,0,3383
10,0,3384
10,0,3385
10,0,3386
10,0,3387
10,0,3388
10,0,3389
10,0,3390
10,0,3391
10,0,3392
10,0,3393
10,0,3394
10,0,3395
10,0,3396
10,0,3397
10,0,3398
10,0,3399
10,0,3400
10,0,3401
10,0,3402
10,0,3403
10,0,3404
10,0,3405
10,0,3406
10,0,3407
10,0,3408
10,0,3409
10,0,3410
10,0,3411
10,0,3412
10,0,3413
10,0,3414
10,0,3415
10,0,3416
10,0,3417
10,0,3418
10,0,3419
10,0,3420
10,0,3421
10,0,3422
10,0,3423
10,0,3424
10,0,3425
10,0,3426
10,0,3427
10,0,3428
10,0,3429
10,0,1180
10,0,1181
10,0,3430
10,0,3431
10,0,3432
10,0,3433
10,0,3434
10,0,3435
10,0,3436
10,0,1182
10,0,3437
10,0,3438
10,0,3439
10,0,3440
10,0,3441
10,0,3442
10,0,3443
10,0,3444
10,0,3445
10,0,3446
10,0,3447
10,0,3448
10,0,3449
10,0,3450
10,0,3451
10,0,3452
10,0,3453
10,0,3454
10,0,3455
10,0,3456
10,0,3457
10,0,3458
10,0,3459
10,0,3460
10,0,3461
10,0,3462
10,0,3463
10,0,3464
10,0,3465
10,0,3466
10,0,3467
10,0,3468
10,0,3469
10,0,3470
11,0,3471
11,0,3472
11,0,3473
11,0,3474
11,0,3475
11,0,3476
11,0,3477
11,0,3478
11,0,3479
11,0,3480
11,0,3481
11,0,3482
11,0,3483
11,0,3484
11,0,3485
11,0,3486
11,0,3487
11,0,3488
11,0,3489
11,0,3490
11,0,3491
12,0,3492
12,0,3493
12,0,3494
12,0,3495
12,0,3496
12,0,3497
12,0,3498
12,0,3499
12,0,3500
12,0,3501
12,0,3502
12,0,3503
12,0,3504
12,0,3505
12,0,3506
12,0,3507
12,0,3508
12,0,3509
12,0,3510
12,0,3511
12,0,3512
12,0,3513
12,0,3514
12,0,3515
12,0,3516
12,0,3517
12,0,3518
12,0,3519
12,0,3520
12,0,3521
12,0,3522
12,0,3523
12,0,3524
12,0,3525
12,0,3526
12,0,3527
12,0,3528
12,0,3529
12,0,3530
12,0,3531
12,0,3532
12,0,3533
12,0,3534
12,0,3535
12,0,3536
12,0,3537
12,0,3538
12,0,3539
12,0,3540
12,0,3541
12,0,3542
12,0,3543
12,0,3544
12,0,3545
12,0,3546
12,0,3547
12,0,3548
12,0,3549
12,0,3550
12,0,3551
12,0,3552
12,0,3553
12,0,3554
12,0,3555
12,0,3556
12,0,3557
12,0,3558
12,0,3559
12,0,3560
12,0,3561
12,0,3562
12,0,3563
12,0,3564
12,0,3565
12,0,3566
12,0,3567
12,0,3568
12,0,3569
12,0,3570
12,0,3571
12,0,3572
12,0,3573
12,0,3574
12,0,3575
12,0,3576
12,0,3577
12,0,3578
12,0,3579
12,0,3580
12,0,3581
12,0,3582
12,0,3583
12,0,3584
12,0,3585
12,0,3586
12,0,3587
12,0,3588
13,0,3589
13,0,3590
13,0,3591
13,0,3592
13,0,3593
13,0,3594
13,0,3595
13,0,3596
13,0,3597
13,0,3598
13,0,3599
13,0,3600
13,0,3601
13,0,3602
13,0,3603
13,0,3604
13,0,3605
13,0,3606
13,0,3607
13,0,3608
13,0,3609
13,0,3610
13,0,3611
13,0,3612
13,0,3613
13,0,3614
13,0,3615
13,0,3616
13,0,3617
13,0,3618
13,0,3619
13,0,3620
13,0,3621
13,0,3622
13,0,3623
13,0,3624
13,0,3625
13,0,3626
13,0,3627
13,0,3628
13,0,3629
13,0,3630
13,0,3631
13,0,3632
13,0,3633
13,0,3634
13,0,3635
13,0,3636
13,0,3637
13,0,3638
13,0,3639
13,0,3640
13,0,3641
13,0,3642
13,0,3643
13,0,3644
13,0,3645
13,0,3646
13,0,3647
13,0,3648
13,0,3649
13,0,3650
13,0,3651
13,0,3652
13,0,3653
13,0,3654
13,0,3655
13,0,3656
13,0,3657
13,0,3658
13,0,3659
13,0,3660
13,0,3661
13,0,3662
13,0,3663
13,0,3664
13,0,3665
13,0,3666
13,0,3667
13,0,3668
13,0,3669
13,0,3670
13,0,3671
13,0,3672
13,0,3673
13,0,3674
13,0,3675
13,0,3676
13,0,3677
13,0,3678
13,0,3679
13,0,3680
13,0,3681
13,0,3682
13,0,3683
13,0,3684
13,0,3685
13,0,3686
13,0,3687
13,0,3688
13,0,3689
13,0,3690
13,0,3691
13,0,3692
13,0,3693
13,0,3694
13,0,3695
13,0,3696
13,0,3697
13,0,3698
13,0,3699
13,0,3700
13,0,3701
13,0,3702
13,0,3703
13,0,3704
13,0,3705
13,0,3706
13,0,3707
13,0,3708
13,0,3709
13,0,3710
13,0,3711
13,0,3712
13,0,3713
13,0,3714
13,0,3715
13,0,3716
13,0,3717
13,0,3718
13,0,3719
13,0,3720
13,0,3721
13,0,3722
13,0,3723
13,0,3724
13,0,3725
13,0,3726
13,0,3727
13,0,3728
13,0,3729
13,0,3730
14,0,3731
14,0,3732
14,0,3733
14,0,3734
14,0,3735
14,0,3736
14,0,3737
14,0,3738
14,0,3739
14,0,3740
14,0,3741
14,0,3742
14,0,3743
14,0,3744
14,0,3745
14,0,3746
14,0,3747
14,0,3748
14,0,3749
14,0,3750
14,0,3751
14,0,3752
14,0,3753
14,0,3754
14,0,3755
14,0,3756
14,0,3757
14,0,3758
14,0,3759
14,0,3760
14,0,3761
14,0,3762
14,0,3763
14,0,3764
14,0,3765
14,0,3766
14,0,3767
14,0,3768
14,0,3769
14,0,3770
14,0,3771
14,0,3772
14,0,3773
14,0,3774
14,0,3775
14,0,3776
14,0,3777
14,0,3778
14,0,3779
14,0,3780
14,0,3781
14,0,3782
14,0,3783
14,0,3784
14,0,3785
14,0,3786
14,0,3787
14,0,3788
14,0,3789
14,0,3790
14,0,3791
14,0,1299
14,0,3792
14,0,3793
14,0,3794
14,0,3795
14,0,3796
14,0,3797
14,0,3798
14,0,3799
14,0,3800
14,0,3801
14,0,3802
14,0,3803
14,0,3804
14,0,3805
14,0,3806
14,0,3807
14,0,3808
14,0,3809
14,0,3810
14,0,3811
14,0,3812
14,0,3813
14,0,3814
14,0,3815
14,0,3816
14,0,3817
14,0,3818
14,0,3819
14,0,3820
14,0,3821
14,0,3822
14,0,3823
14,0,3824
14,0,3825
14,0,3826
14,0,3827
14,0,3828
14,0,3829
14,0,3830
14,0,3831
14,0,3832
14,0,3833
14,0,3834
14,0,3835
14,0,3836
14,0,3837
14,0,3838
14,0,3839
14,0,3840
14,0,3841
14,0,3842
14,0,3843
14,0,3844
14,0,3845
14,0,3846
14,0,3847
14,0,3848
14,0,3849
14,0,3850
14,0,3851
14,0,3852
14,0,3853
14,0,3854
14,0,3855
14,0,3856
14,0,3857
14,0,3858
14,0,3859
14,0,3860
14,0,3861
14,0,3862
14,0,3863
14,0,3864
14,0,3865
14,0,3866
14,0,3867
14,0,3868
14,0,3869
14,0,3870
14,0,3871
14,0,3872
14,0,3873
14,0,3874
14,0,3875
14,0,3876
14,0,3877
14,0,3878
14,0,3879
14,0,3880
14,0,3881
14,0,3882
14,0,3883
14,0,3884
14,0,3885
14,0,3886
14,0,3887
14,0,3888
14,0,3889
14,0,3890
14,0,3891
14,0,3892
14,0,3893
14,0,3894
14,0,3895
14,0,3896
14,0,3897
14,0,3898
14,0,3899
14,0,3900
14,0,3901
14,0,3902
14,0,3903
14,0,3904
14,0,3905
14,0,3906
14,0,3907
14,0,3908
14,0,3909
14,0,3910
14,0,3911
15,0,3912
15,0,3913
15,0,3914
15,0,3915
15,0,3916
15,0,3917
15,0,3918
16,0,3919
16,0,3920
16,0,3921
16,0,3922
16,0,3923
16,0,3924
16,0,3925
16,0,3926
16,0,3927
16,0,3928
16,0,3929
16,0,3930
16,0,3931
16,0,3932
16,0,3933
16,0,3934
16,0,3935
16,0,3936
16,0,3937
16,0,3938
16,0,3939
16,0,3940
16,0,3941
16,0,3942
16,0,3943
16,0,3944
16,0,3945
16,0,3946
16,0,3947
16,0,3948
16,0,3949
16,0,3950
16,0,3951
16,0,3952
16,0,3953
16,0,3954
16,0,3955
16,0,3956
16,0,3957
16,0,3958
16,0,3959
16,0,3960
16,0,3961
16,0,3962
17,0,3963
17,0,3964
17,0,3965
17,0,3966
17,0,3967
17,0,3968
17,0,3969
17,0,3970
17,0,3971
17,0,3972
17,0,3973
17,0,3974
17,0,3975
17,0,3976
17,0,3977
17,0,3978
17,0,3979
17,0,3980
17,0,3981
17,0,3982
17,0,3983
17,0,3984
17,0,3985
17,0,3986
17,0,3987
17,0,3988
17,0,3989
17,0,3990
17,0,3991
17,0,3992
17,0,3993
17,0,3994
17,0,3995
17,0,3996
17,0,3997
17,0,3998
17,0,3999
17,0,4000
17,0,4001
17,0,4002
17,0,4003
17,0,4004
17,0,4005
17,0,4006
17,0,4007
17,0,4008
17,0,4009
17,0,4010
17,0,4011
17,0,4012
17,0,4013
17,0,4014
17,0,4015
17,0,4016
17,0,4017
17,0,4018
17,0,4019
17,0,4020
17,0,4021
17,0,4022
17,0,4023
17,0,4024
17,0,4025
17,0,4026
17,0,4027
17,0,4028
17,0,4029
17,0,4030
17,0,4031
17,0,4032
17,0,4033
17,0,4034
17,0,4035
17,0,4036
17,0,4037
17,0,4038
17,0,4039
17,0,4040
17,0,4041
17,0,4042
17,0,4043
17,0,4044
17,0,4045
17,0,4046
17,0,4047
17,0,4048
17,0,4049
17,0,4050
17,0,4051
17,0,4052
17,0,4053
17,0,4054
17,0,4055
17,0,4056
17,0,4057
17,0,4058
17,0,4059
17,0,4060
17,0,4061
17,0,4062
17,0,4063
17,0,4064
17,0,4065
17,0,4066
17,0,4067
17,0,4068
17,0,4069
17,0,4070
17,0,4071
17,0,4072
17,0,4073
17,0,4074
17,0,4075
17,0,4076
17,0,4077
17,0,4078
17,0,4079
17,0,4080
17,0,4081
17,0,4082
17,0,4083
17,0,4084
17,0,4085
17,0,4086
17,0,4087
17,0,4088
17,0,4089
17,0,4090
17,0,4091
17,0,4092
17,0,4093
17,0,4094
17,0,4095
17,0,4096
17,0,4097
17,0,4098
17,0,4099
17,0,4100
17,0,4101
17,0,4102
17,0,4103
18,0,4104
18,0,4105
18,0,4106
18,0,4107
18,0,4108
18,0,4109
18,0,4110
18,0,4111
18,0,4112
18,0,4113
18,0,4114
18,0,4115
18,0,4116
18,0,4117
18,0,4118
18,0,4119
18,0,4120
18,0,4121
18,0,4122
18,0,4123
18,0,4124
18,0,4125
18,0,4126
18,0,4127
18,0,4128
18,0,4129
18,0,4130
18,0,4131
18,0,4132
18,0,4133
18,0,4134
18,0,4135
18,0,4136
18,0,4137
18,0,4138
18,0,4139
18,0,4140
18,0,4141
18,0,4142
18,0,4143
18,0,4144
18,0,4145
18,0,4146
18,0,4147
18,0,4148
18,0,4149
18,0,4150
18,0,4151
18,0,4152
18,0,4153
18,0,4154
18,0,4155
18,0,4156
18,0,4157
18,0,4158
18,0,4159
18,0,4160
18,0,4161
18,0,4162
18,0,4163
18,0,4164
18,0,4165
18,0,4166
18,0,4167
18,0,4168
18,0,4169
18,0,4170
18,0,4171
18,0,4172
18,0,4173
18,0,4174
18,0,4175
18,0,4176
18,0,4177
18,0,4178
18,0,4179
18,0,4180
18,0,4181
18,0,4182
18,0,4183
18,0,4184
18,0,4185
18,0,4186
18,0,4187
18,0,4188
18,0,4189
18,0,4190
18,0,4191
18,0,4192
18,0,4193
18,0,4194
18,0,4195
18,0,4196
18,0,4197
18,0,4198
18,0,4199
18,0,4200
18,0,4201
18,0,4202
18,0,4203
18,0,4204
18,0,4205
18,0,4206
18,0,4207
18,0,4208
18,0,4209
18,0,4210
18,0,4211
18,0,4212
18,0,4213
18,0,4214
18,0,4215
18,0,4216
18,0,4217
18,0,4218
18,0,4219
18,0,4220
18,0,4221
18,0,4222
18,0,4223
18,0,4224
18,0,4225
18,0,4226
18,0,4227
18,0,4228
18,0,4229
18,0,4230
18,0,4231
18,0,4232
18,0,4233
18,0,4234
18,0,4235
18,0,4236
18,0,4237
18,0,4238
18,0,4239
18,0,4240
18,0,4241
19,0,4242
19,0,4243
19,0,4244
19,0,4245
19,0,4246
19,0,4247
19,0,4248
19,0,4249
19,0,4250
19,0,4251
19,0,4252
19,0,4253
19,0,4254
19,0,4255
19,0,1620
19,0,4256
19,0,4257
19,0,4258
19,0,4259
19,0,4260
19,0,4261
19,0,4262
19,0,4263
19,0,4264
19,0,4265
19,0,4266
19,0,4267
19,0,4268
19,0,4269
19,0,4270
19,0,4271
19,0,4272
19,0,4273
19,0,4274
19,0,4275
19,0,4276
19,0,4277
19,0,4278
19,0,4279
19,0,4280
19,0,4281
19,0,4282
19,0,4283
19,0,4284
19,0,4285
19,0,4286
19,0,4287
19,0,4288
19,0,4289
19,0,4290
19,0,4291
19,0,4292
19,0,4293
19,0,4294
19,0,4295
19,0,4296
19,0,4297
19,0,4298
19,0,4299
19,0,4300
19,0,4301
19,0,4302
19,0,4303
19,0,4304
19,0,4305
19,0,4306
19,0,4307
19,0,4308
19,0,4309
19,0,4310
19,0,4311
19,0,4312
19,0,4313
19,0,4314
19,0,4315
19,0,4316
19,0,4317
19,0,4318
19,0,4319
19,0,4320
19,0,4321
19,0,4322
19,0,4323
19,0,4324
19,0,4325
19,0,4326
19,0,4327
19,0,4328
19,0,4329
19,0,4330
19,0,4331
19,0,4332
19,0,4333
19,0,4334
19,0,4335
19,0,4336
19,0,4337
19,0,4338
19,0,4339
19,0,4340
19,0,4341
19,0,4342
19,0,4343
19,0,4344
19,0,4345
19,0,4346
19,0,4347
19,0,4348
19,0,4349
19,0,4350
19,0,4351
19,0,4352
19,0,4353
19,0,4354
19,0,4355
19,0,4356
19,0,4357
19,0,4358
19,0,4359
19,0,4360
19,0,4361
19,0,4362
19,0,4363
19,0,4364
19,0,4365
19,0,4366
19,0,4367
19,0,4368
19,0,1709
19,0,4369
19,0,4370
19,0,4371
19,0,4372
19,0,4373
19,0,4374
19,0,4375
19,0,4376
19,0,4377
19,0,4378
19,0,4379
19,0,4380
19,0,4381
19,0,4382
19,0,4383
19,0,4384
19,0,4385
19,0,4386
20,0,4387
20,0,4388
20,0,4389
20,0,4390
20,0,4391
20,0,4392
20,0,4393
20,0,4394
20,0,4395
20,0,4396
20,0,4397
20,0,4398
20,0,4399
20,0,4400
20,0,4401
20,0,4402
20,0,4403
20,0,4404
20,0,4405
20,0,4406
20,0,4407
20,0,4408
20,0,4409
20,0,4410
20,0,4411
20,0,4412
20,0,4413
20,0,4414
20,0,4415
20,0,4416
20,0,4417
20,0,4418
20,0,4419
20,0,4420
20,0,4421
20,0,4422
20,0,4423
20,0,4424
20,0,4425
20,0,4426
20,0,4427
20,0,4428
20,0,4429
20,0,4430
20,0,4431
20,0,4432
20,0,4433
20,0,4434
20,0,4435
20,0,4436
20,0,4437
20,0,4438
2,1,28
3,1,29
4,1,29
5,1,29
6,1,29
3,1,30
5,1,30
3,1,31
3,1,32
3,1,8
7,1,8
3,1,7
6,1,7
8,1,7
9,1,24
10,1,11
11,1,10
12,1,14
13,1,14
14,1,13
14,1,12
15,1,23
16,1,4
17,1,4
5,1,4
16,1,22
18,1,22
19,1,22
20,1,22
21,1,22
4,1,33
4,1,5
4,1,17
22,1,16
22,1,18
19,1,18
20,1,18
21,1,18
22,1,20
18,1,20
19,1,20
21,1,20
22,1,19
18,1,19
20,1,19
21,1,19
22,1,21
18,1,21
19,1,21
20,1,21
23,1,15
24,1,9
25,1,9
26,1,27
27,1,26
3,1,34
3,1,35
3,1,36
3,1,37
3,1,38
3,1,39
3,1,40
3,1,41
3,1,42
3,1,43
3,1,44
3,1,45
3,1,46
3,1,47
3,1,48
3,1,49
3,1,50
3,1,51
3,1,52
3,1,53
3,1,54
3,1,55
3,1,56
3,1,57
3,1,58
3,1,59
3,1,60
3,1,61
3,1,62
3,1,63
3,1,64
3,1,65
3,1,66
3,1,67
3,1,68
3,1,69
3,1,70
3,1,71
3,1,72
3,1,73
3,1,74
3,1,75
3,1,76
3,1,77
3,1,78
3,1,79
3,1,80
3,1,81
3,1,82
3,1,83
3,1,84
3,1,85
3,1,86
3,1,87
3,1,88
3,1,89
3,1,90
3,1,91
3,1,92
3,1,93
3,1,94
3,1,95
3,1,96
3,1,97
3,1,98
3,1,99
3,1,100
3,1,101
3,1,102
3,1,103
3,1,104
3,1,105
3,1,106
3,1,107
3,1,108
3,1,109
3,1,110
3,1,111
3,1,112
3,1,113
3,1,114
3,1,115
3,1,116
3,1,117
3,1,118
3,1,119
3,1,120
3,1,121
3,1,122
3,1,123
3,1,124
3,1,125
3,1,126
3,1,127
3,1,128
3,1,129
3,1,130
3,1,131
3,2,132
3,2,133
3,2,134
3,2,135
3,2,136
3,2,137
3,2,138
3,2,139
3,2,140
3,2,141
3,2,142
3,2,143
3,2,144
3,2,145
3,2,146
3,2,147
3,2,148
3,2,149
3,2,150
3,2,151
3,2,152
3,2,153
3,2,154
3,2,155
3,2,156
3,2,157
3,2,158
3,2,159
3,2,160
3,2,161
3,2,162
3,2,163
3,2,164
3,2,165
3,2,166
3,2,167
3,2,168
3,2,169
3,2,170
3,2,171
3,2,172
3,2,173
3,2,174
3,2,175
3,2,176
3,2,177
3,2,178
3,2,179
3,2,180
3,2,181
3,2,182
3,2,183
3,2,184
3,2,185
3,2,186
3,2,187
3,2,188
3,2,189
3,2,190
3,2,191
3,2,192
3,2,193
3,2,194
3,2,195
3,2,196
3,2,197
3,2,198
3,2,199
3,2,200
3,2,201
3,2,202
3,2,203
3,2,204
3,2,205
3,2,206
3,2,207
3,2,208
3,2,209
3,2,210
3,2,211
3,2,212
3,2,213
3,2,214
3,2,215
3,2,216
3,2,217
3,2,218
3,2,219
3,2,220
3,2,221
3,2,222
3,2,223
3,2,224
3,2,225
3,2,226
3,2,227
3,2,228
3,2,229
3,2,230
9,1,231
9,1,232
9,1,233
9,1,234
9,1,235
9,1,236
9,1,237
9,1,238
9,1,239
9,1,240
9,1,241
9,1,242
9,1,243
9,1,244
9,1,245
9,1,246
9,1,247
9,1,248
9,1,249
9,1,250
9,1,251
9,1,252
9,1,253
9,1,254
9,1,255
9,1,256
9,1,257
9,1,258
9,1,259
9,1,260
9,1,261
9,1,262
9,1,263
9,1,264
9,1,265
9,1,266
9,1,267
9,1,268
9,1,269
9,1,270
9,1,271
9,1,272
9,1,273
9,1,274
9,1,275
9,1,276
9,1,277
9,1,278
9,1,279
9,1,280
9,1,281
9,1,282
9,1,283
9,1,284
9,1,285
9,1,286
9,1,287
9,1,288
9,1,289
9,1,290
9,1,291
9,1,292
9,1,293
9,1,294
9,1,295
9,1,296
9,1,297
9,1,298
9,1,299
9,1,300
9,1,301
9,1,302
9,1,303
9,1,304
9,1,305
9,1,306
9,1,307
9,1,308
9,1,309
9,1,310
9,1,311
9,1,312
9,1,313
9,1,314
9,1,315
9,1,316
9,1,317
9,1,318
9,1,319
9,1,320
9,1,321
9,1,322
9,1,323
9,1,324
9,1,325
9,1,326
9,1,327
9,1,328
9,1,329
9,1,330
9,1,331
9,1,332
9,1,333
9,1,334
9,1,335
9,1,336
9,1,337
9,1,338
9,1,339
9,1,340
9,1,341
9,1,342
9,1,343
9,1,344
9,1,345
9,1,346
9,1,347
9,1,348
9,1,349
9,1,350
9,1,351
9,1,352
9,1,353
9,1,354
9,1,355
9,1,356
9,1,357
9,1,358
9,1,359
9,1,360
9,1,361
9,1,362
9,1,363
9,1,364
9,1,365
9,1,366
9,1,367
9,1,368
9,1,369
9,1,370
9,1,371
9,1,372
9,1,373
9,1,374
9,1,375
9,1,376
9,1,377
9,1,378
9,1,379
9,1,380
9,1,381
9,1,382
9,1,383
9,1,384
9,1,385
9,1,386
9,1,387
9,1,388
9,1,389
9,1,390
9,1,391
9,1,392
9,1,393
9,1,394
9,1,395
9,1,396
9,1,397
9,1,398
9,1,399
9,1,400
9,1,401
9,1,402
9,1,403
9,1,404
9,1,405
9,1,406
9,1,407
9,1,408
9,1,409
9,1,410
9,1,411
9,1,412
9,1,413
9,1,414
9,1,415
9,1,416
9,1,417
9,1,418
9,1,419
9,1,420
9,1,421
9,1,422
9,1,423
9,1,424
9,1,425
9,1,426
9,1,427
9,1,428
9,1,429
9,1,430
9,1,431
9,1,432
9,1,433
9,1,434
9,1,435
9,1,436
9,1,437
9,1,438
9,1,439
9,1,440
9,1,441
9,1,442
9,1,443
9,1,444
9,1,445
9,1,446
9,1,447
9,1,448
9,1,449
9,1,450
9,1,451
9,1,452
9,1,453
9,1,454
9,1,455
9,1,456
9,1,457
9,1,458
9,1,459
9,1,460
9,1,461
9,1,60
9,1,462
9,1,463
9,1,464
9,1,465
9,1,466
9,1,467
9,1,468
9,1,469
9,1,470
9,1,471
9,1,472
9,1,473
9,1,474
9,1,475
9,1,476
9,1,477
9,1,478
9,1,479
9,1,480
9,1,481
9,1,482
9,1,483
9,1,484
9,1,485
9,1,486
9,1,487
9,1,488
9,1,489
9,1,490
9,1,491
9,1,492
9,1,493
9,1,494
9,1,495
9,1,496
9,1,497
9,1,498
9,1,499
9,1,500
9,1,501
9,1,502
9,1,503
9,1,504
9,1,505
9,1,506
9,1,507
9,1,508
9,1,509
9,1,510
9,1,511
9,1,512
9,1,513
9,1,514
9,1,515
9,1,516
9,1,517
9,1,518
9,1,519
9,1,520
9,1,521
9,1,522
9,1,523
9,1,524
9,1,525
9,1,526
9,1,527
9,1,528
9,1,529
9,1,530
9,1,531
9,1,532
9,1,533
9,1,534
9,1,535
9,1,536
9,1,537
9,1,538
9,1,539
9,1,540
9,1,541
9,1,542
9,1,543
9,1,544
9,1,545
9,1,546
9,1,547
9,1,548
9,1,549
9,1,550
9,1,551
9,1,552
9,1,553
9,1,554
9,1,555
9,1,556
9,1,557
9,1,558
9,1,559
9,1,560
9,1,561
9,1,562
9,1,563
9,1,564
9,1,565
9,1,566
9,1,567
9,1,568
9,1,569
9,1,570
9,1,571
9,1,572
9,1,573
9,1,574
9,1,575
9,1,576
9,1,577
9,1,578
9,1,579
9,1,580
9,1,581
9,1,582
9,1,583
9,1,584
9,1,585
9,1,586
9,1,587
9,1,588
9,1,589
9,1,590
9,1,591
9,1,592
9,1,593
9,1,594
9,1,595
9,1,596
9,1,597
9,1,598
9,1,599
9,1,600
9,1,601
9,1,602
9,1,603
9,1,604
9,1,605
9,1,606
9,1,607
9,1,608
9,1,609
9,1,610
9,1,611
9,1,612
9,1,613
9,1,614
9,1,615
9,1,616
9,1,617
9,1,618
9,1,619
9,1,620
9,1,621
9,1,622
9,1,623
9,1,624
9,1,625
9,1,626
9,1,627
9,1,628
9,1,629
9,1,630
9,1,631
9,1,632
9,1,633
9,1,634
9,1,635
9,1,636
9,1,637
9,1,638
9,1,639
9,1,640
9,1,641
9,1,642
9,1,643
9,1,644
9,1,645
9,1,646
9,1,647
9,1,648
9,1,649
9,1,650
9,1,651
9,1,652
9,1,653
9,1,654
9,1,655
9,1,656
9,1,657
9,1,658
9,1,659
9,1,660
9,1,661
9,1,662
9,1,663
9,1,664
9,1,665
9,1,666
9,1,667
9,1,668
9,1,669
9,1,670
9,1,671
9,1,672
9,1,673
9,1,674
9,1,675
9,1,676
9,1,677
9,1,678
9,1,679
9,1,680
9,1,681
9,1,682
9,1,683
9,1,684
9,1,685
9,1,686
9,1,687
9,1,688
9,1,689
9,1,690
9,1,691
9,1,692
9,1,693
9,1,694
9,1,695
9,1,696
9,1,697
9,1,698
9,1,699
9,1,700
9,1,701
9,1,702
9,1,703
9,1,704
9,1,705
9,1,706
9,1,707
9,1,708
9,1,709
9,1,710
9,1,711
9,1,712
9,1,713
9,1,714
9,1,715
9,1,716
9,1,717
9,1,718
9,1,719
9,1,720
9,1,721
9,1,722
9,1,723
9,1,724
9,1,725
9,1,726
9,1,727
9,1,728
9,1,729
9,1,730
9,1,731
9,1,732
9,1,733
9,1,734
9,1,735
9,1,736
9,1,737
9,1,738
9,1,739
9,1,740
9,1,741
9,1,742
9,1,743
9,1,744
9,1,745
9,1,746
9,1,747
9,1,748
9,1,749
9,1,750
9,1,751
9,1,752
9,1,753
9,1,754
9,1,755
9,1,756
9,1,757
9,1,758
9,1,759
9,1,760
9,1,761
9,1,762
9,1,763
9,1,764
9,1,765
9,1,766
9,1,767
9,1,768
9,1,769
9,1,770
9,1,771
9,1,772
9,1,773
9,1,774
9,1,775
9,1,776
9,1,777
9,1,778
9,1,779
9,1,780
9,1,781
9,1,782
9,1,783
9,1,784
9,1,785
9,1,786
9,1,787
9,1,788
9,1,789
9,1,790
9,1,791
9,1,792
9,1,793
9,1,794
9,1,795
9,1,796
9,1,797
9,1,798
9,1,799
9,1,800
9,1,801
9,1,802
9,1,803
9,1,804
9,1,805
9,1,806
9,1,807
9,1,808
9,1,809
9,1,810
9,1,811
9,1,812
9,1,813
9,1,814
9,1,815
9,1,816
9,1,817
9,1,818
9,1,819
9,1,820
9,1,821
9,1,822
9,1,823
9,1,824
9,1,825
9,1,826
9,1,827
9,1,828
9,1,829
9,1,830
9,1,831
9,1,832
9,1,833
9,1,834
9,1,835
9,1,836
9,1,837
9,1,838
9,1,839
9,1,840
9,1,841
9,1,842
9,1,843
9,1,844
9,1,845
9,1,846
9,1,847
9,1,848
9,1,849
9,1,850
9,1,851
9,1,852
9,1,853
9,1,854
9,1,855
9,1,856
9,1,857
9,1,858
9,1,859
9,1,860
9,1,861
9,1,862
9,1,863
9,1,864
9,1,865
9,1,866
9,1,867
9,1,868
9,1,869
9,1,870
9,1,871
9,1,872
9,1,873
9,1,874
9,1,875
9,1,876
9,1,877
9,1,878
9,1,879
9,1,880
9,1,881
9,1,882
9,1,883
9,1,884
9,1,885
9,1,886
9,1,887
9,1,888
9,1,889
9,1,890
9,1,891
9,1,892
9,1,893
9,1,894
9,1,895
9,1,896
9,1,897
9,1,898
9,1,899
9,1,900
9,1,901
9,1,902
9,1,903
9,1,904
9,1,905
9,1,906
9,1,907
9,1,908
9,1,909
9,1,910
9,1,911
9,1,912
9,1,913
9,1,914
9,1,915
9,1,916
9,1,917
9,1,918
9,1,919
9,1,920
9,1,921
9,1,922
9,1,923
9,1,924
9,1,925
9,1,926
9,1,927
9,1,928
9,1,929
9,1,930
9,1,931
9,1,932
9,1,933
9,1,934
9,1,935
9,1,936
9,1,937
9,1,938
9,1,939
9,1,940
9,1,941
9,1,942
9,1,943
9,1,944
9,1,945
9,1,946
9,1,947
9,1,948
9,1,949
9,1,950
9,1,951
9,1,952
9,1,953
9,1,954
9,1,955
9,1,956
9,1,957
9,1,958
9,1,959
9,1,960
9,1,961
9,1,962
9,1,963
9,1,964
9,1,965
9,1,966
9,1,967
9,1,968
9,1,969
9,1,970
9,1,971
9,1,972
9,1,973
9,1,974
9,1,975
9,1,976
9,1,977
9,1,978
9,1,979
9,1,980
9,1,981
9,1,982
9,1,983
9,1,984
9,1,985
9,1,986
9,1,987
9,1,988
9,1,989
9,1,990
9,1,991
9,1,992
9,1,993
9,1,994
9,1,995
9,1,996
9,1,997
9,1,998
9,1,999
9,1,1000
9,1,1001
9,1,1002
9,1,1003
9,1,1004
9,1,1005
9,1,1006
9,1,1007
9,1,1008
9,1,1009
9,1,1010
9,1,1011
9,1,1012
9,1,1013
9,1,1014
9,1,1015
9,1,1016
9,1,1017
9,1,1018
9,1,1019
9,1,1020
9,1,1021
9,1,1022
9,1,1023
9,1,1024
9,1,1025
