0,0
1,1
3570,3570
3604,3604
1623,1623
3696,3696
3891,3891
1593,1593
2369,2369
2597,2597
4338,4338
3730,3730
2786,2786
1281,1281
86,86
3561,3561
3070,3070
3557,3557
3400,3400
4356,4356
2360,2360
4107,4107
1875,1875
3607,3607
127,127
1391,1391
1250,1250
4110,4110
3682,3682
776,776
3307,3307
4129,4129
4257,4257
2003,2003
3355,3355
2170,2170
589,589
2681,2681
1210,1210
3249,3249
2386,2386
3263,3263
2051,2051
1551,1551
2337,2337
1129,1129
713,713
2947,2947
3844,3844
2792,2792
1274,1274
2588,2588
3150,3150
2552,2552
3349,3349
2285,2285
3731,3731
1647,1647
243,243
1103,1103
2800,2800
1087,1087
4274,4274
840,840
2298,2298
53,53
721,721
868,868
4241,4241
3324,3324
2193,2193
1994,1994
3837,3837
3473,3473
354,354
441,441
3743,3743
882,882
3621,3621
2121,2121
4262,4262
679,679
3020,3020
2977,2977
2141,2141
1443,1443
4174,4174
3624,3624
2925,2925
3023,3023
2831,2831
892,892
870,870
3902,3902
2336,2336
367,367
3123,3123
3378,3378
1886,1886
4210,4210
1520,1520
4177,4177
3937,3937
4011,4011
3988,3988
361,361
3104,3104
1612,1612
3205,3205
4400,4400
2874,2874
11,11
4200,4200
3148,3148
4027,4027
2093,2093
4016,4016
103,103
3297,3297
3851,3851
3666,3666
2942,2942
3998,3998
2387,2387
2482,2482
3887,3887
1222,1222
4199,4199
3702,3702
1452,1452
2028,2028
3308,3308
3483,3483
419,419
3334,3334
2481,2481
1204,1204
1831,1831
1665,1665
1313,1313
2920,2920
290,290
3052,3052
1780,1780
3602,3602
1242,1242
3030,3030
1864,1864
1640,1640
1421,1421
248,248
65,65
320,320
2729,2729
1950,1950
387,387
3866,3866
1615,1615
1749,1749
1834,1834
2409,2409
746,746
3721,3721
229,229
3724,3724
4425,4425
4308,4308
4096,4096
2778,2778
2605,2605
633,633
3367,3367
1299,1299
1806,1806
1838,1838
123,123
2033,2033
4133,4133
3634,3634
1762,1762
1234,1234
2928,2928
4194,4194
270,270
3899,3899
193,193
4349,4349
1258,1258
1254,1254
973,973
1467,1467
2519,2519
3449,3449
518,518
1059,1059
3933,3933
2639,2639
3264,3264
1216,1216
730,730
1047,1047
3201,3201
423,423
2818,2818
2274,2274
850,850
2913,2913
1613,1613
4383,4383
1337,1337
3659,3659
3951,3951
3849,3849
1681,1681
3867,3867
2297,2297
2927,2927
1739,1739
1722,1722
1033,1033
1049,1049
2303,2303
1328,1328
435,435
2124,2124
2986,2986
1899,1899
872,872
29,29
548,548
2802,2802
1239,1239
897,897
631,631
2243,2243
4375,4375
37,37
3509,3509
3992,3992
4139,4139
1374,1374
1579,1579
1199,1199
3996,3996
3017,3017
2842,2842
706,706
1283,1283
513,513
729,729
89,89
1420,1420
3149,3149
2333,2333
1200,1200
1359,1359
2206,2206
2614,2614
408,408
1240,1240
4259,4259
4432,4432
2833,2833
3352,3352
1606,1606
3118,3118
256,256
4337,4337
1380,1380
316,316
2426,2426
4355,4355
885,885
2245,2245
3690,3690
488,488
4172,4172
63,63
1584,1584
540,540
3188,3188
1918,1918
1165,1165
467,467
98,98
2250,2250
1528,1528
1624,1624
409,409
3625,3625
2998,2998
4224,4224
3525,3525
1569,1569
4327,4327
2839,2839
3846,3846
1869,1869
3109,3109
3745,3745
1734,1734
1992,1992
3494,3494
1010,1010
3942,3942
394,394
3274,3274
2468,2468
1776,1776
1190,1190
700,700
2009,2009
140,140
2526,2526
2321,2321
2372,2372
1236,1236
4158,4158
2056,2056
680,680
36,36
4142,4142
3032,3032
2305,2305
3820,3820
4039,4039
2209,2209
78,78
2643,2643
925,925
3241,3241
104,104
3760,3760
3474,3474
1552,1552
2621,2621
261,261
3289,3289
2640,2640
1245,1245
3008,3008
3578,3578
1460,1460
2972,2972
2015,2015
2380,2380
1178,1178
3165,3165
364,364
2132,2132
2969,2969
2227,2227
4394,4394
3623,3623
1505,1505
2798,2798
785,785
2275,2275
3147,3147
4201,4201
1659,1659
2628,2628
2943,2943
839,839
1880,1880
2587,2587
341,341
2474,2474
1145,1145
2301,2301
3200,3200
3190,3190
4265,4265
2619,2619
2690,2690
935,935
2096,2096
3223,3223
51,51
1461,1461
2174,2174
4167,4167
163,163
1031,1031
1759,1759
22,22
2531,2531
2945,2945
2602,2602
1881,1881
2013,2013
1235,1235
1717,1717
3228,3228
1667,1667
2113,2113
478,478
1794,1794
4436,4436
1275,1275
1582,1582
1524,1524
3192,3192
2656,2656
3316,3316
1944,1944
321,321
300,300
2845,2845
54,54
444,444
3391,3391
2992,2992
2522,2522
740,740
2076,2076
3925,3925
577,577
1731,1731
564,564
2606,2606
415,415
4379,4379
1657,1657
3144,3144
3825,3825
4239,4239
1211,1211
794,794
138,138
3276,3276
1698,1698
2205,2205
1408,1408
2223,2223
178,178
2974,2974
1060,1060
2229,2229
2164,2164
2940,2940
1848,1848
901,901
4101,4101
1400,1400
461,461
3272,3272
323,323
424,424
1179,1179
1525,1525
695,695
1563,1563
2918,2918
2764,2764
24,24
3973,3973
2777,2777
2246,2246
49,49
3582,3582
221,221
1003,1003
2265,2265
232,232
2528,2528
3635,3635
2826,2826
175,175
3091,3091
3712,3712
3100,3100
2184,2184
1072,1072
429,429
455,455
1541,1541
3806,3806
681,681
4060,4060
3580,3580
3050,3050
2191,2191
4132,4132
137,137
4373,4373
1662,1662
4347,4347
1347,1347
1952,1952
2720,2720
3436,3436
3088,3088
3946,3946
1247,1247
1602,1602
2773,2773
3606,3606
1980,1980
3506,3506
4159,4159
3550,3550
2436,2436
4357,4357
1435,1435
3908,3908
1689,1689
1692,1692
2026,2026
1999,1999
1786,1786
1532,1532
2154,2154
3554,3554
3319,3319
2377,2377
3437,3437
3594,3594
2750,2750
2648,2648
1147,1147
1768,1768
600,600
733,733
4413,4413
2085,2085
3643,3643
3824,3824
4251,4251
3919,3919
732,732
260,260
3762,3762
3661,3661
3627,3627
2242,2242
1901,1901
1292,1292
2422,2422
2212,2212
1066,1066
2894,2894
474,474
1798,1798
3454,3454
2098,2098
3250,3250
2953,2953
2565,2565
422,422
3930,3930
3987,3987
4422,4422
2418,2418
2480,2480
4112,4112
1876,1876
1194,1194
2803,2803
84,84
2609,2609
3547,3547
1763,1763
4298,4298
3653,3653
427,427
619,619
720,720
259,259
385,385
523,523
3420,3420
276,276
2885,2885
1480,1480
3636,3636
1032,1032
3828,3828
375,375
3768,3768
2657,2657
3003,3003
4213,4213
3255,3255
4252,4252
655,655
1424,1424
4409,4409
1622,1622
3405,3405
3457,3457
3195,3195
596,596
4260,4260
823,823
2370,2370
1917,1917
1701,1701
258,258
1756,1756
3399,3399
2572,2572
3321,3321
1620,1620
3782,3782
3629,3629
4106,4106
1244,1244
2100,2100
3327,3327
2203,2203
3098,3098
2371,2371
544,544
4311,4311
469,469
2601,2601
1553,1553
483,483
4428,4428
630,630
2688,2688
690,690
222,222
2652,2652
3027,3027
640,640
4209,4209
3034,3034
2895,2895
2445,2445
2524,2524
1384,1384
2518,2518
3053,3053
2558,2558
3427,3427
3102,3102
249,249
1366,1366
1155,1155
3422,3422
2002,2002
2090,2090
4138,4138
1941,1941
836,836
2584,2584
702,702
525,525
449,449
1517,1517
2344,2344
1348,1348
3447,3447
2677,2677
4143,4143
2825,2825
4287,4287
1536,1536
2829,2829
3315,3315
3740,3740
3742,3742
2843,2843
4140,4140
1052,1052
3425,3425
269,269
2341,2341
4226,4226
1548,1548
322,322
2361,2361
2689,2689
3175,3175
1801,1801
2095,2095
1251,1251
3670,3670
3252,3252
3668,3668
2437,2437
2330,2330
707,707
2162,2162
1228,1228
465,465
2862,2862
2722,2722
2000,2000
2235,2235
748,748
3500,3500
3581,3581
313,313
612,612
2290,2290
2169,2169
3804,3804
155,155
2707,2707
569,569
946,946
1785,1785
332,332
2607,2607
4103,4103
3833,3833
809,809
506,506
3162,3162
4118,4118
389,389
3287,3287
4286,4286
4332,4332
3728,3728
18,18
2736,2736
3938,3938
2136,2136
3665,3665
1938,1938
804,804
3662,3662
2981,2981
2586,2586
43,43
1307,1307
420,420
1965,1965
2111,2111
4036,4036
2339,2339
3419,3419
4155,4155
2620,2620
4168,4168
324,324
4273,4273
2967,2967
2110,2110
2342,2342
3359,3359
1090,1090
2286,2286
1030,1030
1079,1079
3257,3257
1928,1928
4187,4187
799,799
1201,1201
3384,3384
831,831
790,790
1427,1427
1053,1053
1973,1973
1953,1953
64,64
184,184
1062,1062
4336,4336
240,240
1636,1636
2775,2775
1312,1312
109,109
384,384
3858,3858
2425,2425
237,237
3632,3632
878,878
2415,2415
3791,3791
106,106
2532,2532
2766,2766
4370,4370
4046,4046
2492,2492
1829,1829
2414,2414
2097,2097
3928,3928
4034,4034
3650,3650
2351,2351
3878,3878
1020,1020
226,226
1735,1735
4289,4289
779,779
3481,3481
974,974
413,413
4006,4006
4301,4301
3284,3284
821,821
1828,1828
3203,3203
3569,3569
768,768
1375,1375
2760,2760
942,942
3801,3801
2143,2143
277,277
2540,2540
2931,2931
3000,3000
1177,1177
2006,2006
4123,4123
3879,3879
4196,4196
2271,2271
3001,3001
4380,4380
3726,3726
3744,3744
3562,3562
2625,2625
3421,3421
2068,2068
999,999
4005,4005
1571,1571
4223,4223
4261,4261
1585,1585
1744,1744
1226,1226
1229,1229
1896,1896
4083,4083
1600,1600
3505,3505
3025,3025
568,568
3046,3046
171,171
161,161
2600,2600
499,499
3834,3834
1474,1474
774,774
847,847
2117,2117
1415,1415
3869,3869
4184,4184
1282,1282
3314,3314
1141,1141
3542,3542
636,636
1481,1481
1327,1327
2809,2809
3129,3129
828,828
3410,3410
2796,2796
1568,1568
3839,3839
1345,1345
2723,2723
144,144
698,698
2858,2858
1270,1270
3592,3592
1028,1028
386,386
2288,2288
618,618
3575,3575
244,244
3941,3941
3163,3163
371,371
810,810
1448,1448
2980,2980
3040,3040
2431,2431
827,827
31,31
4067,4067
1805,1805
3709,3709
3593,3593
2322,2322
4019,4019
3152,3152
1120,1120
3615,3615
2070,2070
1268,1268
3043,3043
3830,3830
1932,1932
3717,3717
2574,2574
1490,1490
2495,2495
2632,2632
3931,3931
3553,3553
4233,4233
4385,4385
204,204
2465,2465
4371,4371
2970,2970
1927,1927
196,196
2493,2493
3850,3850
4044,4044
1598,1598
397,397
3842,3842
2880,2880
3516,3516
3439,3439
2687,2687
288,288
626,626
1153,1153
3037,3037
3612,3612
289,289
4365,4365
3124,3124
845,845
3616,3616
4149,4149
94,94
2200,2200
745,745
913,913
1164,1164
2513,2513
846,846
4382,4382
1180,1180
2577,2577
2554,2554
4415,4415
1464,1464
3502,3502
3465,3465
3840,3840
4225,4225
3633,3633
2021,2021
1635,1635
2053,2053
4297,4297
1356,1356
3440,3440
2441,2441
2146,2146
2865,2865
2667,2667
134,134
1143,1143
1545,1545
162,162
3280,3280
2135,2135
543,543
734,734
1775,1775
752,752
2938,2938
125,125
648,648
4306,4306
2748,2748
3936,3936
4190,4190
2801,2801
1376,1376
1991,1991
3495,3495
2,2
2718,2718
1130,1130
722,722
2631,2631
620,620
2871,2871
1382,1382
165,165
2140,2140
1015,1015
79,79
2807,2807
3412,3412
1315,1315
1477,1477
1871,1871
1779,1779
684,684
480,480
3031,3031
2475,2475
3600,3600
4282,4282
984,984
319,319
775,775
1888,1888
1626,1626
1500,1500
4109,4109
4263,4263
3235,3235
1533,1533
1592,1592
1386,1386
368,368
2516,2516
1476,1476
390,390
2214,2214
1815,1815
4414,4414
4163,4163
317,317
1261,1261
100,100
2840,2840
1067,1067
830,830
3381,3381
638,638
3864,3864
3047,3047
3331,3331
304,304
3989,3989
1196,1196
2537,2537
2152,2152
1843,1843
2180,2180
90,90
2546,2546
1440,1440
2898,2898
2439,2439
1439,1439
1138,1138
1330,1330
3935,3935
3323,3323
1414,1414
1040,1040
3230,3230
1116,1116
1755,1755
2854,2854
3371,3371
2471,2471
50,50
1770,1770
585,585
169,169
2036,2036
4171,4171
3777,3777
4411,4411
3675,3675
567,567
388,388
562,562
3174,3174
2897,2897
1766,1766
1227,1227
2326,2326
2538,2538
735,735
1979,1979
211,211
961,961
1142,1142
591,591
2951,2951
1857,1857
1990,1990
667,667
2908,2908
4420,4420
2062,2062
2279,2279
677,677
2171,2171
4348,4348
1083,1083
2213,2213
4094,4094
629,629
4362,4362
4421,4421
3861,3861
2939,2939
3140,3140
2378,2378
3259,3259
1367,1367
358,358
2603,2603
1350,1350
4015,4015
1655,1655
2133,2133
200,200
1863,1863
1940,1940
4192,4192
802,802
257,257
3120,3120
4387,4387
3337,3337
1185,1185
616,616
1925,1925
4398,4398
2564,2564
2464,2464
2714,2714
1438,1438
3518,3518
353,353
2153,2153
3652,3652
4092,4092
3813,3813
433,433
2575,2575
3112,3112
266,266
4397,4397
67,67
742,742
599,599
191,191
1616,1616
3644,3644
1661,1661
2655,2655
4321,4321
3198,3198
121,121
2529,2529
2368,2368
2176,2176
4181,4181
315,315
3772,3772
338,338
3877,3877
146,146
3932,3932
2581,2581
2483,2483
2266,2266
3966,3966
2661,2661
2137,2137
2695,2695
3965,3965
586,586
1761,1761
1149,1149
497,497
1192,1192
1207,1207
829,829
4300,4300
4255,4255
44,44
2391,2391
3468,3468
1902,1902
2107,2107
2408,2408
666,666
4082,4082
3351,3351
3065,3065
566,566
3380,3380
2365,2365
728,728
1156,1156
1572,1572
177,177
406,406
3596,3596
2178,2178
2709,2709
876,876
2189,2189
1220,1220
4283,4283
801,801
1057,1057
1824,1824
4047,4047
1329,1329
3968,3968
4433,4433
2749,2749
1078,1078
1383,1383
1611,1611
91,91
553,553
2142,2142
1325,1325
13,13
4315,4315
3078,3078
1085,1085
3370,3370
1747,1747
857,857
3617,3617
1399,1399
2814,2814
3499,3499
765,765
1176,1176
1295,1295
3687,3687
2691,2691
2700,2700
157,157
1964,1964
2649,2649
3139,3139
2216,2216
2946,2946
3985,3985
3563,3563
2296,2296
2165,2165
1213,1213
644,644
2478,2478
203,203
725,725
4281,4281
3094,3094
2568,2568
1489,1489
3434,3434
601,601
3873,3873
2150,2150
4429,4429
3397,3397
3527,3527
1266,1266
1904,1904
1619,1619
2031,2031
1393,1393
1018,1018
1827,1827
3085,3085
1596,1596
3373,3373
1092,1092
4258,4258
4359,4359
921,921
431,431
1758,1758
2129,2129
4322,4322
3677,3677
3240,3240
608,608
3411,3411
1238,1238
987,987
877,877
1394,1394
817,817
1908,1908
1873,1873
3831,3831
603,603
72,72
3957,3957
3609,3609
59,59
1288,1288
2886,2886
4407,4407
2582,2582
223,223
1186,1186
2204,2204
849,849
1984,1984
1817,1817
93,93
3587,3587
1691,1691
2118,2118
2316,2316
864,864
151,151
3770,3770
873,873
2944,2944
3890,3890
1022,1022
1257,1257
2533,2533
4277,4277
1411,1411
57,57
550,550
2423,2423
3732,3732
3181,3181
2504,2504
1390,1390
2257,2257
558,558
2543,2543
628,628
1818,1818
1854,1854
1718,1718
4424,4424
3303,3303
3099,3099
403,403
3358,3358
1893,1893
1795,1795
2889,2889
3222,3222
6,6
3128,3128
2067,2067
1412,1412
902,902
2442,2442
4399,4399
2823,2823
1590,1590
3462,3462
4137,4137
2447,2447
1841,1841
1586,1586
1224,1224
3940,3940
1171,1171
142,142
908,908
1970,1970
4045,4045
3021,3021
2530,2530
2737,2737
3895,3895
1336,1336
143,143
2292,2292
4108,4108
3658,3658
3733,3733
246,246
3416,3416
3244,3244
1599,1599
2401,2401
278,278
173,173
1253,1253
10,10
1790,1790
2424,2424
3568,3568
3939,3939
2237,2237
3450,3450
1501,1501
295,295
1808,1808
1306,1306
3821,3821
977,977
1310,1310
3856,3856
4377,4377
1550,1550
1484,1484
4404,4404
395,395
2647,2647
1133,1133
3808,3808
2284,2284
1491,1491
172,172
4249,4249
2354,2354
1868,1868
993,993
1150,1150
1725,1725
2320,2320
800,800
3035,3035
988,988
1935,1935
2917,2917
2010,2010
2042,2042
2318,2318
2904,2904
1633,1633
33,33
1203,1203
1653,1653
3237,3237
4055,4055
344,344
2743,2743
647,647
2244,2244
3445,3445
3096,3096
3196,3196
2261,2261
262,262
1321,1321
2197,2197
2217,2217
3862,3862
660,660
598,598
1822,1822
3350,3350
1685,1685
1504,1504
789,789
410,410
3211,3211
498,498
705,705
597,597
1198,1198
2260,2260
1161,1161
2861,2861
2127,2127
676,676
2457,2457
2134,2134
370,370
3812,3812
1038,1038
445,445
1502,1502
602,602
2857,2857
130,130
3752,3752
1913,1913
1429,1429
3722,3722
2547,2547
4240,4240
3262,3262
1496,1496
838,838
4325,4325
3953,3953
4124,4124
2514,2514
906,906
4302,4302
3431,3431
2787,2787
3335,3335
3057,3057
2486,2486
1985,1985
2207,2207
2270,2270
2399,2399
3673,3673
2686,2686
2693,2693
3064,3064
2799,2799
2703,2703
3781,3781
3601,3601
1372,1372
4012,4012
1645,1645
2744,2744
1206,1206
2930,2930
3544,3544
2404,2404
3103,3103
1784,1784
2435,2435
1070,1070
3134,3134
907,907
447,447
330,330
1084,1084
1357,1357
1998,1998
2589,2589
1486,1486
2610,2610
3513,3513
4164,4164
1792,1792
3716,3716
594,594
3238,3238
87,87
40,40
496,496
1628,1628
119,119
3193,3193
1967,1967
345,345
945,945
3304,3304
3417,3417
3845,3845
2287,2287
2438,2438
363,363
3024,3024
215,215
3442,3442
3739,3739
491,491
3926,3926
3909,3909
3583,3583
565,565
926,926
440,440
1720,1720
741,741
3774,3774
1609,1609
1459,1459
2082,2082
201,201
2957,2957
2593,2593
2812,2812
2089,2089
646,646
88,88
2022,2022
859,859
2882,2882
3226,3226
3372,3372
2231,2231
4431,4431
4229,4229
760,760
769,769
4182,4182
3087,3087
3329,3329
807,807
4291,4291
1008,1008
1487,1487
854,854
1271,1271
348,348
472,472
2769,2769
1100,1100
1273,1273
3177,3177
2087,2087
2578,2578
749,749
3530,3530
4009,4009
2379,2379
689,689
310,310
3269,3269
405,405
2128,2128
2099,2099
1255,1255
1850,1850
3540,3540
1495,1495
3865,3865
2160,2160
3224,3224
2680,2680
3387,3387
460,460
3265,3265
893,893
3584,3584
4058,4058
2863,2863
3723,3723
1431,1431
685,685
781,781
3471,3471
3464,3464
1664,1664
2138,2138
1853,1853
694,694
837,837
1884,1884
3243,3243
2767,2767
1311,1311
3725,3725
3614,3614
2515,2515
686,686
2685,2685
1783,1783
1398,1398
3290,3290
3630,3630
3268,3268
2498,2498
75,75
918,918
3028,3028
2734,2734
1065,1065
3375,3375
2253,2253
3382,3382
2984,2984
160,160
1728,1728
4354,4354
663,663
4038,4038
2264,2264
116,116
2114,2114
1530,1530
3779,3779
3075,3075
965,965
4048,4048
4434,4434
2122,2122
1885,1885
1341,1341
739,739
3507,3507
3296,3296
4211,4211
2507,2507
176,176
1724,1724
3893,3893
3892,3892
3905,3905
2047,2047
3857,3857
504,504
4134,4134
3797,3797
1719,1719
2978,2978
1677,1677
2740,2740
3379,3379
592,592
3067,3067
2883,2883
2705,2705
1108,1108
2210,2210
493,493
3524,3524
23,23
2412,2412
2728,2728
978,978
1625,1625
286,286
1175,1175
1754,1754
2665,2665
285,285
400,400
305,305
3418,3418
3236,3236
968,968
1687,1687
3461,3461
2182,2182
4353,4353
2853,2853
3511,3511
766,766
3729,3729
4410,4410
604,604
896,896
583,583
2272,2272
2024,2024
2663,2663
956,956
3180,3180
1208,1208
110,110
180,180
1679,1679
1652,1652
4135,4135
2357,2357
225,225
3429,3429
3737,3737
3532,3532
1907,1907
4310,4310
3275,3275
4372,4372
1793,1793
1046,1046
2145,2145
4099,4099
1554,1554
1137,1137
4119,4119
610,610
1091,1091
1115,1115
1706,1706
691,691
2541,2541
1842,1842
3997,3997
1934,1934
1009,1009
3934,3934
4237,4237
1673,1673
4292,4292
4227,4227
3258,3258
3823,3823
3077,3077
2179,2179
2149,2149
957,957
4248,4248
3558,3558
1690,1690
1054,1054
1654,1654
2172,2172
4176,4176
890,890
3715,3715
944,944
2935,2935
379,379
3795,3795
1540,1540
3059,3059
2196,2196
3788,3788
4350,4350
1561,1561
2211,2211
434,434
1048,1048
758,758
975,975
2168,2168
1217,1217
1912,1912
1360,1360
3452,3452
1069,1069
369,369
3960,3960
268,268
3239,3239
2708,2708
2808,2808
2269,2269
4288,4288
3767,3767
1995,1995
1777,1777
3759,3759
772,772
2615,2615
2955,2955
1802,1802
3904,3904
2805,2805
118,118
2860,2860
624,624
2847,2847
3719,3719
4043,4043
4341,4341
923,923
508,508
58,58
296,296
2324,2324
2963,2963
372,372
2045,2045
796,796
366,366
2721,2721
3348,3348
3231,3231
4328,4328
2696,2696
2746,2746
1632,1632
1882,1882
3291,3291
1335,1335
3232,3232
2592,2592
2827,2827
2252,2252
4120,4120
930,930
1017,1017
1215,1215
1933,1933
282,282
2747,2747
3229,3229
1663,1663
3157,3157
2742,2742
4069,4069
1865,1865
1121,1121
2701,2701
45,45
105,105
3409,3409
2063,2063
3117,3117
4116,4116
2061,2061
1157,1157
1485,1485
1212,1212
4331,4331
1683,1683
1858,1858
2929,2929
464,464
1860,1860
463,463
3309,3309
4339,4339
1621,1621
3119,3119
2073,2073
2220,2220
1284,1284
2762,2762
1837,1837
3486,3486
853,853
1986,1986
3545,3545
291,291
1844,1844
3038,3038
4384,4384
2983,2983
1879,1879
4013,4013
1151,1151
3579,3579
396,396
61,61
1332,1332
737,737
2041,2041
1370,1370
2834,2834
1580,1580
546,546
314,314
3415,3415
1471,1471
503,503
1704,1704
524,524
2936,2936
2489,2489
2462,2462
1123,1123
4395,4395
1118,1118
3503,3503
1469,1469
843,843
4032,4032
1094,1094
1778,1778
4392,4392
2304,2304
3256,3256
773,773
990,990
1131,1131
168,168
3072,3072
2429,2429
3141,3141
156,156
3234,3234
948,948
1163,1163
3684,3684
2222,2222
1104,1104
2923,2923
3980,3980
238,238
3694,3694
2785,2785
147,147
825,825
4056,4056
251,251
362,362
3207,3207
3654,3654
788,788
1618,1618
2604,2604
653,653
2770,2770
1583,1583
236,236
2079,2079
2763,2763
703,703
207,207
3790,3790
2080,2080
2611,2611
3062,3062
1809,1809
2674,2674
4351,4351
1166,1166
432,432
2072,2072
1668,1668
2428,2428
1707,1707
2048,2048
2374,2374
3697,3697
2038,2038
1845,1845
1729,1729
284,284
3657,3657
808,808
1577,1577
3681,3681
3626,3626
1260,1260
1269,1269
710,710
4236,4236
2560,2560
1026,1026
3955,3955
1482,1482
4299,4299
166,166
1603,1603
3566,3566
928,928
3496,3496
2183,2183
2273,2273
1960,1960
4346,4346
1610,1610
4358,4358
3125,3125
1862,1862
844,844
3401,3401
1301,1301
3676,3676
1877,1877
1188,1188
42,42
1456,1456
283,283
4053,4053
1378,1378
279,279
3478,3478
2373,2373
3455,3455
650,650
4438,4438
365,365
3142,3142
3029,3029
149,149
1395,1395
2417,2417
2599,2599
871,871
1316,1316
2725,2725
1521,1521
2460,2460
476,476
2293,2293
4222,4222
1107,1107
3805,3805
1136,1136
659,659
2562,2562
2313,2313
874,874
3815,3815
3508,3508
1699,1699
3217,3217
3648,3648
3901,3901
3807,3807
3977,3977
3408,3408
2959,2959
3533,3533
1955,1955
1578,1578
4313,4313
3146,3146
3299,3299
3686,3686
805,805
3703,3703
2556,2556
3055,3055
4374,4374
3395,3395
1796,1796
652,652
1466,1466
2476,2476
3298,3298
3669,3669
3970,3970
2553,2553
473,473
3829,3829
4095,4095
1890,1890
2851,2851
1446,1446
3766,3766
3458,3458
3446,3446
3092,3092
2937,2937
1627,1627
3311,3311
4195,4195
3018,3018
1492,1492
4418,4418
4402,4402
2727,2727
1475,1475
3300,3300
2837,2837
2684,2684
1537,1537
1826,1826
185,185
3656,3656
4403,4403
2263,2263
914,914
933,933
1160,1160
2855,2855
1686,1686
25,25
756,756
1951,1951
3736,3736
217,217
3832,3832
2323,2323
4040,4040
3924,3924
3564,3564
2903,2903
1697,1697
2962,2962
2982,2982
3356,3356
3707,3707
3597,3597
1232,1232
3281,3281
2104,2104
3971,3971
1732,1732
3071,3071
1012,1012
2346,2346
3414,3414
982,982
937,937
3734,3734
952,952
1417,1417
3757,3757
856,856
2779,2779
3472,3472
1527,1527
538,538
2230,2230
669,669
1006,1006
4276,4276
614,614
1349,1349
1264,1264
1972,1972
1906,1906
1162,1162
2187,2187
1522,1522
1650,1650
1733,1733
1409,1409
1416,1416
1346,1346
3559,3559
1538,1538
3504,3504
3138,3138
17,17
1919,1919
949,949
2007,2007
1713,1713
30,30
2964,2964
3990,3990
1943,1943
1892,1892
750,750
3171,3171
120,120
1531,1531
2011,2011
2751,2751
1041,1041
3784,3784
1298,1298
3086,3086
4152,4152
552,552
723,723
1727,1727
453,453
245,245
2512,2512
3750,3750
2646,2646
3218,3218
3969,3969
2692,2692
682,682
813,813
549,549
3836,3836
28,28
842,842
4318,4318
2282,2282
401,401
124,124
4081,4081
1903,1903
615,615
4416,4416
3435,3435
2622,2622
2256,2256
2502,2502
962,962
1075,1075
4430,4430
3261,3261
311,311
2567,2567
1702,1702
1225,1225
479,479
56,56
4426,4426
3491,3491
412,412
782,782
4245,4245
1574,1574
1002,1002
3826,3826
4279,4279
3476,3476
1649,1649
4030,4030
2363,2363
1812,1812
4376,4376
189,189
1916,1916
818,818
575,575
3613,3613
4175,4175
4203,4203
572,572
780,780
613,613
621,621
1900,1900
2583,2583
233,233
436,436
2830,2830
2754,2754
4334,4334
3014,3014
1338,1338
1559,1559
502,502
2059,2059
3242,3242
99,99
3111,3111
3084,3084
1937,1937
179,179
4078,4078
3164,3164
4296,4296
574,574
136,136
3013,3013
1573,1573
3132,3132
3485,3485
132,132
2501,2501
2966,2966
2443,2443
287,287
4146,4146
3620,3620
3917,3917
2848,2848
3343,3343
3480,3480
9,9
1811,1811
337,337
2634,2634
2733,2733
3749,3749
231,231
4151,4151
2669,2669
4232,4232
1113,1113
1861,1861
3605,3605
1567,1567
4412,4412
35,35
862,862
3911,3911
239,239
3710,3710
4178,4178
1202,1202
888,888
3994,3994
1688,1688
407,407
1450,1450
1218,1218
4243,4243
2402,2402
70,70
3233,3233
2828,2828
2919,2919
71,71
625,625
2449,2449
3541,3541
3089,3089
983,983
1044,1044
1340,1340
985,985
2005,2005
1317,1317
2027,2027
3056,3056
3548,3548
1920,1920
2224,2224
19,19
2673,2673
3921,3921
1436,1436
114,114
3248,3248
593,593
1302,1302
456,456
1294,1294
1303,1303
336,336
2283,2283
3271,3271
3498,3498
1617,1617
3640,3640
274,274
865,865
3555,3555
2500,2500
561,561
770,770
3660,3660
1276,1276
1483,1483
798,798
627,627
1326,1326
571,571
2396,2396
5,5
4285,4285
3912,3912
1419,1419
1410,1410
3674,3674
1401,1401
4077,4077
2926,2926
3870,3870
1804,1804
3113,3113
2594,2594
1278,1278
2037,2037
1993,1993
1479,1479
3528,3528
224,224
2759,2759
664,664
2491,2491
1457,1457
3903,3903
2055,2055
1128,1128
2066,2066
3081,3081
3520,3520
2658,2658
3599,3599
2385,2385
1883,1883
4256,4256
4161,4161
2965,2965
1277,1277
1343,1343
3158,3158
678,678
3393,3393
4352,4352
48,48
1797,1797
308,308
327,327
1430,1430
1565,1565
4091,4091
1971,1971
3945,3945
670,670
3693,3693
2177,2177
1152,1152
2985,2985
4316,4316
2494,2494
4388,4388
3489,3489
1458,1458
3949,3949
2084,2084
3993,3993
3390,3390
2302,2302
1715,1715
609,609
102,102
2782,2782
154,154
4070,4070
1354,1354
73,73
197,197
4215,4215
976,976
3267,3267
1651,1651
1945,1945
4344,4344
4266,4266
141,141
3688,3688
1823,1823
1931,1931
903,903
905,905
3714,3714
883,883
2151,2151
220,220
4221,4221
1751,1751
1093,1093
860,860
111,111
1905,1905
4320,4320
2555,2555
795,795
3167,3167
4150,4150
2065,2065
1174,1174
2267,2267
2993,2993
4071,4071
241,241
4367,4367
4202,4202
3097,3097
3208,3208
919,919
495,495
2864,2864
3920,3920
377,377
359,359
2173,2173
2911,2911
1418,1418
312,312
1870,1870
2343,2343
329,329
34,34
3007,3007
3685,3685
3073,3073
3818,3818
1641,1641
1183,1183
699,699
1773,1773
2641,2641
4080,4080
1021,1021
2420,2420
1526,1526
167,167
271,271
3403,3403
4217,4217
1765,1765
3016,3016
3493,3493
4086,4086
1911,1911
1465,1465
922,922
3741,3741
2325,2325
3433,3433
2956,2956
2651,2651
4003,4003
108,108
2358,2358
1132,1132
4188,4188
718,718
1095,1095
2163,2163
1895,1895
3819,3819
2542,2542
2307,2307
3889,3889
1096,1096
3386,3386
3282,3282
1050,1050
814,814
1023,1023
2794,2794
1068,1068
2666,2666
2706,2706
1549,1549
4183,4183
2557,2557
4361,4361
784,784
3701,3701
2633,2633
55,55
579,579
216,216
2699,2699
2228,2228
2958,2958
2058,2058
1498,1498
1110,1110
242,242
771,771
2020,2020
1512,1512
1230,1230
2125,2125
736,736
1914,1914
1989,1989
3101,3101
573,573
416,416
3389,3389
334,334
3225,3225
2952,2952
3847,3847
3283,3283
1856,1856
2975,2975
3116,3116
2549,2549
3185,3185
1872,1872
1646,1646
3204,3204
3214,3214
1139,1139
3130,3130
1660,1660
1594,1594
3470,3470
4270,4270
301,301
2784,2784
1001,1001
2999,2999
4062,4062
1966,1966
623,623
1519,1519
3999,3999
393,393
4319,4319
2434,2434
2868,2868
3796,3796
3898,3898
3835,3835
505,505
1034,1034
1954,1954
881,881
1362,1362
1511,1511
2704,2704
1114,1114
4024,4024
1614,1614
4247,4247
2086,2086
1214,1214
1757,1757
458,458
4364,4364
2413,2413
3841,3841
1043,1043
2694,2694
991,991
2660,2660
3093,3093
1369,1369
2838,2838
2713,2713
848,848
4064,4064
2757,2757
1109,1109
4405,4405
3438,3438
1589,1589
3156,3156
1709,1709
490,490
3216,3216
657,657
4295,4295
4198,4198
2382,2382
1433,1433
3191,3191
214,214
939,939
2950,2950
2973,2973
3253,3253
1787,1787
3183,3183
2596,2596
3571,3571
228,228
1453,1453
2054,2054
145,145
2664,2664
212,212
966,966
3517,3517
2410,2410
1670,1670
188,188
2335,2335
726,726
1807,1807
81,81
2629,2629
2300,2300
4360,4360
4220,4220
60,60
2745,2745
2023,2023
3161,3161
4314,4314
4125,4125
4206,4206
457,457
2781,2781
855,855
1127,1127
1324,1324
1513,1513
4275,4275
2756,2756
517,517
3285,3285
2433,2433
2996,2996
3009,3009
3090,3090
3590,3590
4050,4050
2741,2741
1309,1309
671,671
1195,1195
3133,3133
1510,1510
4216,4216
3063,3063
3591,3591
527,527
355,355
3704,3704
3215,3215
3886,3886
4366,4366
526,526
3678,3678
912,912
3529,3529
3822,3822
3479,3479
2670,2670
2156,2156
3245,3245
1425,1425
3376,3376
2968,2968
916,916
411,411
4100,4100
485,485
1005,1005
3708,3708
1839,1839
717,717
753,753
272,272
199,199
665,665
1168,1168
1700,1700
1789,1789
727,727
533,533
763,763
1470,1470
816,816
2806,2806
4326,4326
1515,1515
1674,1674
1529,1529
778,778
4290,4290
4020,4020
2551,2551
963,963
668,668
1097,1097
1497,1497
2225,2225
806,806
2102,2102
3122,3122
2576,2576
3443,3443
820,820
1455,1455
940,940
2835,2835
2199,2199
3705,3705
3083,3083
4001,4001
4088,4088
2900,2900
442,442
1855,1855
439,439
2811,2811
824,824
3168,3168
3186,3186
3536,3536
2083,2083
3646,3646
4330,4330
3068,3068
1753,1753
3769,3769
21,21
1658,1658
1169,1169
206,206
4363,4363
1832,1832
1849,1849
3817,3817
298,298
2730,2730
1800,1800
2306,2306
3692,3692
672,672
861,861
777,777
1958,1958
2859,2859
3910,3910
1974,1974
511,511
2258,2258
2780,2780
3246,3246
1014,1014
2654,2654
797,797
4098,4098
1364,1364
2247,2247
2364,2364
253,253
3526,3526
514,514
218,218
3884,3884
3964,3964
2712,2712
1405,1405
1566,1566
3426,3426
1926,1926
2772,2772
4028,4028
3060,3060
3598,3598
747,747
887,887
3783,3783
2239,2239
1447,1447
3477,3477
2642,2642
1320,1320
1071,1071
46,46
4035,4035
2411,2411
3318,3318
2454,2454
2816,2816
2057,2057
4345,4345
3963,3963
3330,3330
2347,2347
3310,3310
2637,2637
1708,1708
581,581
2893,2893
3377,3377
1385,1385
2623,2623
2971,2971
2440,2440
2836,2836
1629,1629
1073,1073
1774,1774
1314,1314
2505,2505
1233,1233
1518,1518
2119,2119
4085,4085
1535,1535
4162,4162
1004,1004
326,326
2109,2109
3136,3136
129,129
792,792
1576,1576
1389,1389
1445,1445
2841,2841
2123,2123
1605,1605
2626,2626
1711,1711
380,380
1379,1379
2308,2308
1836,1836
1833,1833
1231,1231
4329,4329
2989,2989
1077,1077
900,900
3026,3026
303,303
4145,4145
3695,3695
3803,3803
297,297
1564,1564
754,754
2477,2477
4342,4342
4072,4072
2350,2350
4079,4079
858,858
3738,3738
2355,2355
3979,3979
895,895
2375,2375
3618,3618
3194,3194
761,761
693,693
2653,2653
3036,3036
2400,2400
2566,2566
3711,3711
3210,3210
2190,2190
2735,2735
230,230
639,639
832,832
3718,3718
2101,2101
2630,2630
1830,1830
1441,1441
1894,1894
654,654
3838,3838
1767,1767
2175,2175
4115,4115
1019,1019
1666,1666
1987,1987
398,398
4250,4250
1285,1285
4228,4228
3843,3843
3900,3900
2487,2487
3339,3339
2788,2788
107,107
1820,1820
1404,1404
1558,1558
1816,1816
1981,1981
437,437
656,656
1825,1825
2820,2820
2238,2238
1252,1252
536,536
3664,3664
951,951
2416,2416
4238,4238
1539,1539
4173,4173
4197,4197
3333,3333
383,383
7,7
234,234
1101,1101
3754,3754
1140,1140
947,947
1024,1024
3655,3655
2580,2580
3689,3689
2961,2961
4169,4169
1726,1726
3680,3680
4393,4393
2198,2198
731,731
4089,4089
1319,1319
1472,1472
1126,1126
1847,1847
2571,2571
450,450
3875,3875
1740,1740
3991,3991
1403,1403
3671,3671
1591,1591
2039,2039
2311,2311
3011,3011
2521,2521
80,80
2819,2819
833,833
910,910
1428,1428
3549,3549
3344,3344
4191,4191
2116,2116
2255,2255
4264,4264
3,3
3219,3219
3366,3366
1840,1840
3981,3981
3266,3266
2659,2659
4037,4037
512,512
2797,2797
2403,2403
3363,3363
3982,3982
115,115
4031,4031
3810,3810
2030,2030
4121,4121
1769,1769
1523,1523
3277,3277
1676,1676
4293,4293
3178,3178
187,187
556,556
4122,4122
759,759
3336,3336
932,932
1187,1187
2976,2976
3510,3510
3402,3402
4148,4148
1748,1748
1542,1542
3260,3260
438,438
2046,2046
2139,2139
3539,3539
3340,3340
126,126
1323,1323
3519,3519
1969,1969
2309,2309
2988,2988
3069,3069
4180,4180
3010,3010
4144,4144
3691,3691
1705,1705
4340,4340
3166,3166
3914,3914
1209,1209
701,701
2384,2384
3469,3469
3143,3143
4391,4391
3755,3755
2738,2738
3514,3514
1387,1387
1280,1280
391,391
2902,2902
1035,1035
4049,4049
342,342
3794,3794
3353,3353
77,77
135,135
917,917
2561,2561
2850,2850
1639,1639
2662,2662
1102,1102
2933,2933
2008,2008
1089,1089
3995,3995
255,255
1878,1878
3360,3360
1788,1788
1949,1949
884,884
3492,3492
658,658
3396,3396
4272,4272
3066,3066
3531,3531
1080,1080
4401,4401
2872,2872
101,101
1921,1921
468,468
307,307
929,929
3974,3974
3923,3923
1721,1721
590,590
2458,2458
3543,3543
1167,1167
1544,1544
3332,3332
1675,1675
294,294
2698,2698
3202,3202
2052,2052
692,692
139,139
1308,1308
3984,3984
2804,2804
4076,4076
2233,2233
325,325
1029,1029
2105,2105
1296,1296
267,267
1821,1821
2810,2810
2990,2990
1810,1810
2924,2924
3876,3876
2761,2761
414,414
182,182
475,475
426,426
1064,1064
2875,2875
516,516
1454,1454
3322,3322
4156,4156
969,969
2240,2240
2088,2088
2108,2108
634,634
4117,4117
2394,2394
2774,2774
2147,2147
2348,2348
1237,1237
1851,1851
1286,1286
1339,1339
605,605
2208,2208
964,964
1957,1957
3456,3456
4097,4097
2459,2459
1595,1595
954,954
2906,2906
958,958
4090,4090
3800,3800
2511,2511
2314,2314
194,194
346,346
530,530
1371,1371
3897,3897
3441,3441
443,443
2881,2881
205,205
1243,1243
997,997
2671,2671
2352,2352
2398,2398
1082,1082
1846,1846
1897,1897
3362,3362
2915,2915
611,611
1159,1159
2186,2186
606,606
1468,1468
992,992
3305,3305
4244,4244
1750,1750
3603,3603
3199,3199
2004,2004
2876,2876
381,381
3227,3227
2332,2332
2726,2726
3611,3611
3827,3827
3986,3986
3918,3918
159,159
1297,1297
3565,3565
2598,2598
3169,3169
4084,4084
2406,2406
1608,1608
4378,4378
2645,2645
2901,2901
3798,3798
3488,3488
2679,2679
3764,3764
3576,3576
4102,4102
4185,4185
1098,1098
791,791
3189,3189
164,164
3206,3206
738,738
834,834
955,955
1730,1730
3775,3775
275,275
20,20
3916,3916
2672,2672
3482,3482
2241,2241
711,711
547,547
2932,2932
1743,1743
555,555
4104,4104
2768,2768
2793,2793
170,170
1423,1423
3354,3354
2120,2120
822,822
1560,1560
4246,4246
3106,3106
3209,3209
2822,2822
4179,4179
515,515
3176,3176
899,899
3588,3588
2824,2824
112,112
3212,3212
2765,2765
3058,3058
2921,2921
2340,2340
2627,2627
4254,4254
4212,4212
715,715
587,587
2832,2832
3054,3054
174,174
2783,2783
1265,1265
4230,4230
2381,2381
811,811
1287,1287
3698,3698
1272,1272
481,481
3954,3954
2479,2479
340,340
2469,2469
941,941
2064,2064
3700,3700
1025,1025
2878,2878
637,637
4323,4323
1813,1813
3538,3538
714,714
4435,4435
3907,3907
755,755
551,551
128,128
492,492
3312,3312
595,595
1923,1923
2979,2979
2732,2732
4386,4386
2166,2166
3814,3814
3137,3137
3512,3512
350,350
3392,3392
786,786
4280,4280
886,886
2446,2446
3848,3848
1191,1191
2755,2755
2617,2617
3515,3515
3776,3776
1516,1516
32,32
1016,1016
1045,1045
26,26
891,891
2077,2077
2390,2390
2675,2675
3317,3317
1377,1377
347,347
2317,2317
1887,1887
2452,2452
2291,2291
1587,1587
1422,1422
554,554
292,292
425,425
1978,1978
3463,3463
1173,1173
3523,3523
3595,3595
1088,1088
68,68
509,509
1000,1000
520,520
3637,3637
418,418
1710,1710
531,531
743,743
2155,2155
3364,3364
1630,1630
2731,2731
3713,3713
3221,3221
2201,2201
3080,3080
2879,2879
1588,1588
557,557
943,943
3551,3551
3039,3039
2157,2157
1764,1764
2448,2448
4186,4186
3325,3325
2202,2202
1279,1279
250,250
4057,4057
3076,3076
186,186
3108,3108
3651,3651
1402,1402
4141,4141
2074,2074
3347,3347
421,421
198,198
2376,2376
2638,2638
4343,4343
3041,3041
2126,2126
1642,1642
519,519
3962,3962
1771,1771
4051,4051
2719,2719
1939,1939
2112,2112
3756,3756
318,318
8,8
1305,1305
1909,1909
3811,3811
2312,2312
1597,1597
3432,3432
62,62
2771,2771
264,264
3773,3773
3647,3647
3780,3780
3365,3365
2509,2509
904,904
3747,3747
1682,1682
404,404
3320,3320
3872,3872
3288,3288
3051,3051
1135,1135
980,980
3894,3894
3247,3247
3079,3079
47,47
4093,4093
1693,1693
793,793
641,641
2278,2278
2044,2044
578,578
4136,4136
1752,1752
3645,3645
3537,3537
1300,1300
4166,4166
867,867
2960,2960
2262,2262
1637,1637
1442,1442
3033,3033
3126,3126
1106,1106
2259,2259
995,995
1293,1293
1334,1334
3015,3015
213,213
3816,3816
835,835
2001,2001
1508,1508
14,14
462,462
3385,3385
1656,1656
2934,2934
2873,2873
2949,2949
2869,2869
4002,4002
3213,3213
3095,3095
2234,2234
3763,3763
2563,2563
3852,3852
2711,2711
452,452
3572,3572
3765,3765
195,195
3943,3943
852,852
1746,1746
52,52
764,764
3880,3880
528,528
4335,4335
1977,1977
3521,3521
382,382
704,704
2019,2019
3451,3451
1099,1099
3197,3197
150,150
563,563
2844,2844
2419,2419
3294,3294
2618,2618
4165,4165
2367,2367
4128,4128
3534,3534
2510,2510
3374,3374
4284,4284
3012,3012
3127,3127
2570,2570
4114,4114
1799,1799
2430,2430
2676,2676
4075,4075
131,131
2319,2319
2473,2473
3649,3649
2254,2254
1027,1027
3628,3628
3273,3273
3114,3114
41,41
1680,1680
1983,1983
1105,1105
1601,1601
1432,1432
1124,1124
767,767
1488,1488
2548,2548
3338,3338
470,470
1333,1333
3868,3868
1259,1259
4087,4087
3929,3929
4253,4253
309,309
3131,3131
1205,1205
803,803
1982,1982
1262,1262
2251,2251
4324,4324
851,851
1267,1267
3497,3497
2523,2523
4033,4033
3792,3792
2356,2356
3413,3413
3293,3293
66,66
1248,1248
819,819
4029,4029
2268,2268
2289,2289
2896,2896
1407,1407
2472,2472
4022,4022
4307,4307
1814,1814
3913,3913
3753,3753
2328,2328
2877,2877
1684,1684
1963,1963
3394,3394
1976,1976
252,252
500,500
1342,1342
27,27
2470,2470
4170,4170
1463,1463
4303,4303
2789,2789
3793,3793
3042,3042
356,356
938,938
3956,3956
153,153
4381,4381
1922,1922
2890,2890
3187,3187
1546,1546
1256,1256
3573,3573
210,210
1742,1742
417,417
1760,1760
3115,3115
1852,1852
2585,2585
532,532
787,787
2195,2195
3608,3608
2497,2497
3642,3642
898,898
1557,1557
3672,3672
2559,2559
3383,3383
4000,4000
3501,3501
4427,4427
2215,2215
953,953
494,494
2450,2450
751,751
2040,2040
2635,2635
3368,3368
333,333
3552,3552
3490,3490
1543,1543
3423,3423
3404,3404
3004,3004
158,158
3610,3610
3922,3922
2362,2362
2463,2463
1392,1392
3883,3883
662,662
3459,3459
950,950
4154,4154
2060,2060
1241,1241
1716,1716
3044,3044
3220,3220
2909,2909
3641,3641
3444,3444
683,683
2025,2025
2276,2276
2161,2161
299,299
3424,3424
3961,3961
4218,4218
1534,1534
2817,2817
16,16
582,582
3002,3002
69,69
1874,1874
3978,3978
4026,4026
1929,1929
3896,3896
2612,2612
2544,2544
3535,3535
2456,2456
2453,2453
4127,4127
1503,1503
1036,1036
3778,3778
3302,3302
1648,1648
1803,1803
981,981
545,545
3683,3683
1819,1819
1063,1063
4041,4041
2506,2506
1898,1898
1948,1948
1184,1184
3975,3975
3874,3874
826,826
4208,4208
4390,4390
3160,3160
3170,3170
1353,1353
2815,2815
1671,1671
815,815
2192,2192
889,889
343,343
632,632
2539,2539
1988,1988
1148,1148
3885,3885
3061,3061
448,448
1942,1942
3560,3560
4396,4396
1058,1058
3972,3972
3121,3121
2032,2032
2310,2310
273,273
4073,4073
3107,3107
635,635
3859,3859
3430,3430
2650,2650
265,265
2338,2338
1499,1499
3860,3860
1581,1581
302,302
430,430
4204,4204
3357,3357
960,960
3789,3789
3173,3173
2049,2049
2130,2130
2579,2579
484,484
2717,2717
183,183
1975,1975
2334,2334
3746,3746
1835,1835
4052,4052
4207,4207
4389,4389
4317,4317
4242,4242
1437,1437
2490,2490
4193,4193
1867,1867
3735,3735
2870,2870
3952,3952
2702,2702
3786,3786
3727,3727
208,208
2249,2249
1737,1737
4269,4269
1426,1426
2092,2092
3577,3577
2520,2520
696,696
2697,2697
4234,4234
3631,3631
3799,3799
3406,3406
402,402
3679,3679
967,967
927,927
1738,1738
4023,4023
3871,3871
1363,1363
866,866
1358,1358
3622,3622
1444,1444
1056,1056
879,879
709,709
1076,1076
2591,2591
2525,2525
2846,2846
3638,3638
934,934
994,994
607,607
2535,2535
3184,3184
1318,1318
1396,1396
2852,2852
3145,3145
4126,4126
1219,1219
1361,1361
529,529
537,537
2867,2867
1741,1741
4113,4113
4219,4219
2608,2608
3574,3574
113,113
446,446
1381,1381
4054,4054
4074,4074
2941,2941
522,522
712,712
1322,1322
3522,3522
209,209
219,219
1189,1189
2349,2349
2503,2503
3172,3172
673,673
507,507
863,863
3342,3342
376,376
542,542
724,724
971,971
719,719
2866,2866
1125,1125
1695,1695
812,812
306,306
1042,1042
1962,1962
399,399
674,674
687,687
2359,2359
622,622
4147,4147
1304,1304
2678,2678
3751,3751
541,541
2724,2724
1961,1961
331,331
4105,4105
1936,1936
3948,3948
1117,1117
560,560
2466,2466
3159,3159
2795,2795
2281,2281
2912,2912
2534,2534
4231,4231
1669,1669
1331,1331
2075,2075
2716,2716
1263,1263
2849,2849
2776,2776
4278,4278
489,489
1712,1712
1290,1290
471,471
1996,1996
2393,2393
3398,3398
2550,2550
1406,1406
1146,1146
3341,3341
3785,3785
1696,1696
15,15
1889,1889
3927,3927
1555,1555
2329,2329
3270,3270
1493,1493
3667,3667
3586,3586
2397,2397
642,642
2753,2753
1013,1013
2488,2488
3546,3546
924,924
76,76
4205,4205
2752,2752
4406,4406
2103,2103
3301,3301
85,85
3345,3345
1672,1672
744,744
1373,1373
1514,1514
3428,3428
1745,1745
1694,1694
1344,1344
2232,2232
1365,1365
3589,3589
254,254
2148,2148
894,894
1634,1634
3110,3110
3475,3475
351,351
2383,2383
280,280
1478,1478
2280,2280
3251,3251
3853,3853
1507,1507
378,378
3279,3279
2131,2131
2467,2467
3254,3254
757,757
1781,1781
2987,2987
716,716
4,4
1086,1086
4423,4423
1181,1181
4214,4214
2616,2616
2315,2315
96,96
875,875
4417,4417
1154,1154
4304,4304
1291,1291
4157,4157
486,486
501,501
117,117
2821,2821
3155,3155
2668,2668
2739,2739
202,202
1866,1866
3567,3567
2536,2536
1039,1039
2294,2294
3881,3881
2914,2914
1946,1946
2916,2916
4305,4305
2790,2790
3761,3761
3019,3019
2034,2034
339,339
3105,3105
915,915
3361,3361
2499,2499
3045,3045
2221,2221
4369,4369
510,510
3346,3346
1556,1556
2091,2091
2159,2159
1714,1714
373,373
2905,2905
2813,2813
1352,1352
2590,2590
3888,3888
2710,2710
3484,3484
235,235
1037,1037
1910,1910
996,996
841,841
3748,3748
3467,3467
2888,2888
2078,2078
936,936
2226,2226
3082,3082
360,360
2014,2014
869,869
4018,4018
1007,1007
1604,1604
2613,2613
2218,2218
1509,1509
1355,1355
1859,1859
1388,1388
3758,3758
3947,3947
1061,1061
4437,4437
4235,4235
454,454
3448,3448
357,357
2219,2219
181,181
3407,3407
1289,1289
3466,3466
1736,1736
3313,3313
1915,1915
2527,2527
3802,3802
2569,2569
651,651
2496,2496
2421,2421
4068,4068
2181,2181
1111,1111
482,482
3306,3306
1703,1703
83,83
2517,2517
2043,2043
2029,2029
2455,2455
92,92
2884,2884
4066,4066
4267,4267
3619,3619
1172,1172
1134,1134
1607,1607
2194,2194
535,535
4008,4008
2451,2451
1170,1170
4025,4025
2892,2892
4017,4017
1413,1413
2995,2995
2071,2071
2299,2299
2991,2991
1782,1782
959,959
2595,2595
2167,2167
1959,1959
2856,2856
783,783
328,328
3022,3022
2485,2485
2910,2910
3049,3049
697,697
3720,3720
38,38
3453,3453
2899,2899
2389,2389
3787,3787
1643,1643
1678,1678
3326,3326
1122,1122
1968,1968
2715,2715
428,428
2277,2277
392,392
2115,2115
3585,3585
2636,2636
1570,1570
4042,4042
2017,2017
2683,2683
95,95
12,12
477,477
122,122
1462,1462
688,688
2994,2994
97,97
4010,4010
3151,3151
2144,2144
570,570
227,227
2484,2484
986,986
2948,2948
2887,2887
1197,1197
3967,3967
4007,4007
911,911
4004,4004
1631,1631
2573,2573
2791,2791
3976,3976
2069,2069
1081,1081
152,152
2624,2624
909,909
1246,1246
1193,1193
1930,1930
1011,1011
880,880
3915,3915
661,661
3863,3863
617,617
3556,3556
4312,4312
349,349
3295,3295
675,675
1351,1351
3182,3182
133,133
3369,3369
451,451
1772,1772
2331,2331
3944,3944
2954,2954
3663,3663
4294,4294
3950,3950
3074,3074
3135,3135
643,643
2432,2432
148,148
1451,1451
2327,2327
2295,2295
1562,1562
4333,4333
4271,4271
998,998
580,580
4014,4014
190,190
3179,3179
1221,1221
1494,1494
2922,2922
1397,1397
4309,4309
2405,2405
2758,2758
3005,3005
576,576
466,466
1791,1791
3286,3286
2081,2081
2106,2106
293,293
1547,1547
588,588
4189,4189
3959,3959
539,539
521,521
559,559
247,247
4268,4268
708,708
2545,2545
2366,2366
972,972
3388,3388
2461,2461
1638,1638
2508,2508
979,979
3706,3706
2407,2407
1055,1055
2012,2012
1119,1119
4130,4130
1956,1956
263,263
3154,3154
1506,1506
4131,4131
4408,4408
4059,4059
762,762
4061,4061
4021,4021
2891,2891
2644,2644
989,989
2185,2185
2035,2035
1223,1223
3328,3328
487,487
931,931
1249,1249
645,645
2094,2094
1473,1473
3460,3460
2188,2188
1182,1182
2392,2392
1434,1434
3958,3958
74,74
1368,1368
584,584
4160,4160
3048,3048
82,82
4063,4063
3771,3771
4065,4065
2016,2016
335,335
2444,2444
3292,3292
2682,2682
3699,3699
1947,1947
2050,2050
3487,3487
3882,3882
3639,3639
2353,2353
39,39
281,281
4153,4153
1997,1997
2907,2907
352,352
1891,1891
1575,1575
3809,3809
4419,4419
1158,1158
1644,1644
2345,2345
2427,2427
2018,2018
3854,3854
3906,3906
3278,3278
192,192
374,374
3855,3855
3153,3153
4368,4368
1924,1924
2388,2388
1723,1723
1449,1449
4111,4111
3006,3006
2395,2395
2158,2158
1112,1112
2997,2997
2236,2236
920,920
1144,1144
649,649
3983,3983
2248,2248
1051,1051
459,459
970,970
534,534
1074,1074
